# Time-averaged data for fix fpxz
# TimeStep v_pxz
100 158.27
200 -77.509
300 -298.57
400 191.171
500 -73.962
600 -422.21
700 -809.96
800 -94.6655
900 -674.153
1000 -739.831
1100 -494.26
1200 -376.016
1300 296.127
1400 -254.007
1500 -73.962
1600 -140.496
1700 27.3762
1800 -528.823
1900 -313.121
2000 -223.529
2100 -79.6321
2200 -698.617
2300 148.929
2400 -169.352
2500 345.12
2600 206.944
2700 -91.2628
2800 333.844
2900 675.524
3000 160.58
3100 122.651
3200 174.896
3300 624.156
3400 -432.605
3500 -174.679
3600 -17.1898
3700 808.845
3800 -55.7571
3900 20.2969
4000 74.4
4100 54.9344
4200 21.8354
4300 402.746
4400 -59.5255
4500 -109.531
4600 -187.219
4700 224.235
4800 62.536
4900 -81.7574
5000 -716.211
5100 -361.243
5200 -480.868
5300 -165.386
5400 -443.457
5500 -417.618
5600 129.775
5700 -80.82
5800 -150.546
5900 -621.445
6000 -607.61
6100 -948.457
6200 -372.485
6300 -759.294
6400 -457.222
6500 -579.785
6600 -655.618
6700 -526.877
6800 -435.197
6900 -143.65
7000 -742.094
7100 -814.072
7200 -373.394
7300 -849.619
7400 -715.27
7500 -721.261
7600 -971.006
7700 -427.572
7800 -381.783
7900 -909.33
8000 -607.528
8100 -467.336
8200 -842.195
8300 -361.862
8400 -298.536
8500 -645.614
8600 -284.046
8700 94.3089
8800 179.056
8900 -171.56
9000 -238.993
9100 -405.916
9200 -307.893
9300 -171.83
9400 -302.535
9500 107.95
9600 -604.092
9700 -573.448
9800 -557.52
9900 -571.345
10000 -551.838
10100 -503.737
10200 -193.389
10300 -855.332
10400 -213.423
10500 -400.493
10600 116.245
10700 -394.804
10800 -218.624
10900 183.472
11000 -264.638
11100 27.3382
11200 235.967
11300 -59.8957
11400 475.764
11500 -185.839
11600 -1.72582
11700 -164.743
11800 -555.532
11900 -327.579
12000 -475.327
12100 -776.22
12200 -982.129
12300 -264.716
12400 338.058
12500 -365.741
12600 -124.466
12700 -393.234
12800 -581.37
12900 72.391
13000 -86.0144
13100 161.792
13200 -614.134
13300 -125.068
13400 112.953
13500 -122.868
13600 -401.574
13700 -634.845
13800 -678.887
13900 -182.864
14000 -318.568
14100 -307.635
14200 267.075
14300 -591.151
14400 521.104
14500 -61.4172
14600 -187.463
14700 -18.1845
14800 110.106
14900 -159.754
15000 -236.45
15100 -262.656
15200 -181.254
15300 91.2839
15400 -340.584
15500 21.928
15600 -258.75
15700 -488.195
15800 -350.317
15900 -570.364
16000 -1041.56
16100 -925.631
16200 -600.731
16300 -414.328
16400 -499.253
16500 -99.4885
16600 -455.155
16700 16.6159
16800 -220.443
16900 -402.657
17000 -541.26
17100 -446.418
17200 -556.497
17300 -346.333
17400 193.704
17500 -208.74
17600 368.224
17700 -123.186
17800 -262.765
17900 -136.919
18000 30.385
18100 281.919
18200 -216.856
18300 356.703
18400 -208.82
18500 -168.984
18600 -11.874
18700 -121.754
18800 -77.6436
18900 269.083
19000 -263.882
19100 -74.9758
19200 369.988
19300 -711.062
19400 -392.868
19500 -612.815
19600 -149.48
19700 -140.201
19800 -180.379
19900 -67.6828
20000 -314.772
20100 -295.05
20200 -413.903
20300 150.176
20400 -35.8196
20500 -66.5927
20600 -576.84
20700 -100.519
20800 36.6266
20900 34.0264
21000 182.078
21100 -33.3575
21200 -685.214
21300 -146.88
21400 73.5132
21500 -51.3812
21600 -900.043
21700 -263.169
21800 -483.698
21900 -134.803
22000 -329.185
22100 -221.926
22200 0.896031
22300 -74.5592
22400 -571.757
22500 442.756
22600 -283.535
22700 199.717
22800 -103.147
22900 -259.555
23000 -389.698
23100 -341.096
23200 -340.379
23300 -345.159
23400 229.089
23500 220.907
23600 -128.061
23700 124.686
23800 -4.11865
23900 -18.3563
24000 -160.725
24100 -415.293
24200 -140.652
24300 -247.556
24400 175.905
24500 -218.71
24600 -346.788
24700 131.156
24800 -230.109
24900 -189.976
25000 -122.487
25100 330.197
25200 -281.656
25300 -421.883
25400 5.99866
25500 -668.008
25600 34.512
25700 -59.3572
25800 -210.562
25900 -325.603
26000 -361.645
26100 486.632
26200 244.456
26300 -24.6794
26400 -328.653
26500 -405.321
26600 -463.424
26700 -344.368
26800 -677.143
26900 -350.224
27000 -451.336
27100 -785.687
27200 -303.297
27300 -636.149
27400 -152.671
27500 16.4006
27600 -545.109
27700 -373.32
27800 431.119
27900 -429.445
28000 375.884
28100 -723.191
28200 -225.709
28300 -270.397
28400 -682.981
28500 -592.771
28600 -274.741
28700 -230.064
28800 -504.159
28900 -444.56
29000 -57.4591
29100 -462.55
29200 -22.6596
29300 317.278
29400 -176.743
29500 -361.854
29600 -751.367
29700 -479.238
29800 -118.42
29900 -789.662
30000 -225.771
30100 -305.75
30200 -262.447
30300 -453.105
30400 -68.5053
30500 -182.085
30600 86.3559
30700 -70.0449
30800 -685.2
30900 -397.091
31000 -527.566
31100 -267.956
31200 -137.505
31300 -264.518
31400 -278.588
31500 -241.902
31600 -447.899
31700 412.584
31800 217.038
31900 43.6611
32000 234.501
32100 75.1401
32200 -21.0265
32300 -717.211
32400 -108.614
32500 -267.299
32600 -259.062
32700 267.878
32800 190.935
32900 385.312
33000 -232.605
33100 175.347
33200 -359.319
33300 1.85758
33400 -50.6444
33500 91.8744
33600 190.778
33700 -24.6003
33800 -84.1249
33900 -199.203
34000 -488.017
34100 -523.975
34200 -311.177
34300 -701.077
34400 -402.263
34500 -386.821
34600 -192.396
34700 -158.491
34800 130.981
34900 -62.6899
35000 -174.847
35100 27.1694
35200 186.929
35300 -441.213
35400 -204.595
35500 -573.357
35600 -286.551
35700 -399.562
35800 -241.231
35900 -55.424
36000 16.6821
36100 45.466
36200 -720.721
36300 -69.5097
36400 -100.319
36500 36.0118
36600 -551.77
36700 -737.477
36800 -54.63
36900 -507.546
37000 -589.36
37100 -331.585
37200 147.13
37300 -220.305
37400 -82.3577
37500 -526.513
37600 -380.592
37700 -105.044
37800 26.231
37900 12.7954
38000 -569.562
38100 227.686
38200 -400.501
38300 -176.956
38400 -594.052
38500 -88.4662
38600 -146.657
38700 -368.179
38800 155.451
38900 -10.1044
39000 187.784
39100 226.596
39200 258.762
39300 -22.5457
39400 -353.162
39500 92.5961
39600 148.342
39700 -217.787
39800 -72.6563
39900 -573.777
40000 -129.901
40100 90.864
40200 -427.716
40300 -415.228
40400 215.651
40500 172.84
40600 275.907
40700 145.601
40800 299.7
40900 415.45
41000 -71.7308
41100 -65.4707
41200 341.632
41300 -394.935
41400 -342.9
41500 -281.593
41600 -557.248
41700 144.97
41800 -331.612
41900 -207.832
42000 -60.9094
42100 458.926
42200 -239.567
42300 -272.915
42400 -215.175
42500 -351.095
42600 327.088
42700 299.458
42800 -138.876
42900 347.346
43000 64.9478
43100 239.787
43200 142.686
43300 27.9144
43400 60.1692
43500 26.2492
43600 220.049
43700 90.1823
43800 151.817
43900 -548.667
44000 256.498
44100 -810.911
44200 -73.04
44300 129.537
44400 -423.892
44500 -363.187
44600 -290.112
44700 -299.84
44800 -466.682
44900 -846.995
45000 -102.288
45100 87.6975
45200 -500.04
45300 -322.072
45400 340.605
45500 -587.648
45600 -1126.61
45700 -989.629
45800 -631.052
45900 -603.456
46000 -757.468
46100 -609.215
46200 -486.869
46300 -783.958
46400 -518.936
46500 -337.456
46600 -491.433
46700 -190.788
46800 -231.74
46900 16.099
47000 -29.7529
47100 -190.1
47200 87.2784
47300 -118.429
47400 -301.216
47500 -259.775
47600 -99.0053
47700 120.676
47800 -45.3409
47900 212.551
48000 506.532
48100 444.596
48200 -129.774
48300 -232.315
48400 353.866
48500 -523.099
48600 3.45761
48700 -241.117
48800 19.2908
48900 -610.767
49000 -720.658
49100 -223.568
49200 -619.155
49300 -377.002
49400 -256.717
49500 -393.809
49600 -143.522
49700 -71.6205
49800 -150.163
49900 -43.2353
50000 -359.017
50100 -363.036
50200 -196.982
50300 -199.081
50400 190.849
50500 -245.583
50600 -659.222
50700 -494.405
50800 -522.521
50900 -52.2806
51000 -364.85
51100 -450.542
51200 434.27
51300 200.912
51400 -333.568
51500 189.772
51600 26.7611
51700 -540.108
51800 -421.659
51900 -100.441
52000 -633.961
52100 -437.51
52200 -70.1545
52300 -178.003
52400 -375.458
52500 106.303
52600 -678.77
52700 -348.239
52800 -555.19
52900 -372.856
53000 440.327
53100 9.73741
53200 -68.6658
53300 -710.663
53400 -39.5649
53500 46.6859
53600 -431.148
53700 -40.7936
53800 -87.7768
53900 10.4901
54000 -497.533
54100 67.3846
54200 -292.218
54300 -266.408
54400 -162.72
54500 -361.69
54600 -359.5
54700 -151.552
54800 -341.775
54900 -401.262
55000 -564.645
55100 -715.874
55200 -421.505
55300 -392.33
55400 -452.703
55500 270.578
55600 25.663
55700 504.044
55800 265.825
55900 -281.412
56000 39.8515
56100 -510.188
56200 11.5258
56300 -172.558
56400 -286.395
56500 -162.023
56600 -191.893
56700 -478.293
56800 -107.694
56900 -465.178
57000 -596.282
57100 225.837
57200 293.915
57300 -121.523
57400 -227.435
57500 65.6481
57600 -572.144
57700 -15.5042
57800 -314.546
57900 -227.053
58000 -436.766
58100 -330.531
58200 -178.028
58300 -200.68
58400 -554.191
58500 -693.23
58600 -105.571
58700 -45.0976
58800 -455.195
58900 162.52
59000 -401.686
59100 -628.606
59200 -636.362
59300 -374.252
59400 -1061.34
59500 -778.4
59600 -1453.32
59700 -1094.97
59800 -903.418
59900 -573.61
60000 -388.21
60100 -89.2365
60200 -733.3
60300 -358.446
60400 -434.684
60500 -715.71
60600 -94.4155
60700 -269.737
60800 109.982
60900 -376.319
61000 -156.376
61100 -732.009
61200 -347.412
61300 -4.63091
61400 -227.661
61500 98.0908
61600 -170.349
61700 -768.254
61800 -483.771
61900 -857.093
62000 137.04
62100 -412.217
62200 -373.016
62300 -420.141
62400 -571.553
62500 -263.271
62600 -521.779
62700 -124.498
62800 185.216
62900 -457.446
63000 79.8446
63100 -398.542
63200 -384.957
63300 323.632
63400 -440.404
63500 -128.843
63600 112.661
63700 773.665
63800 -360.44
63900 -331.361
64000 -429.085
64100 -125.919
64200 -79.4569
64300 224.91
64400 302.395
64500 283.793
64600 587.216
64700 -555.996
64800 33.8869
64900 -420.274
65000 -53.5221
65100 -148.991
65200 -470.949
65300 -416.067
65400 -576.936
65500 -39.3046
65600 -424.26
65700 -400.596
65800 -99.3476
65900 363.514
66000 -190.085
66100 -502.147
66200 -210.87
66300 -531.363
66400 -655.768
66500 -610.064
66600 -419.67
66700 -487.005
66800 -43.1132
66900 -550.745
67000 -731.94
67100 -480.311
67200 68.562
67300 -523.508
67400 99.9002
67500 -613.294
67600 -310.669
67700 -300.344
67800 -196.365
67900 -90.4553
68000 -331.96
68100 -624.704
68200 41.7946
68300 160.468
68400 118.377
68500 150.5
68600 17.5077
68700 84.6764
68800 -212.121
68900 -417.668
69000 -122.48
69100 -384.618
69200 -465.415
69300 -244.264
69400 -278.74
69500 339.404
69600 -265.515
69700 -8.88892
69800 -418.492
69900 -2.34021
70000 -10.7748
70100 -232.888
70200 -648.27
70300 -288.736
70400 379.695
70500 -360.149
70600 -70.4652
70700 -21.8013
70800 7.15392
70900 26.7704
71000 59.5499
71100 -127.129
71200 101.991
71300 -338.127
71400 114.41
71500 -350.114
71600 234.966
71700 -74.2976
71800 353.814
71900 159.506
72000 4.15545
72100 -398.517
72200 -142.043
72300 -376.608
72400 255.611
72500 -113.372
72600 -498.088
72700 -457.087
72800 -560.954
72900 -475.783
73000 -523.45
73100 159.315
73200 -614.48
73300 -369.427
73400 -147.725
73500 -254.464
73600 -562.258
73700 -135.479
73800 192.105
73900 -589.486
74000 47.7546
74100 -536.955
74200 -403.807
74300 -687.908
74400 27.7595
74500 -542.906
74600 -586.048
74700 -563.684
74800 -376.037
74900 -610.3
75000 -259.734
75100 -132.944
75200 -297.765
75300 -162.187
75400 -286.319
75500 170.255
75600 163.862
75700 -161.595
75800 -226.71
75900 -212.881
76000 -422.394
76100 -537.52
76200 -548.251
76300 -61.9104
76400 130.513
76500 -460.239
76600 -605.059
76700 -323.648
76800 -1094.07
76900 -161.516
77000 -742.329
77100 -629.469
77200 -763.028
77300 -450.79
77400 -795.634
77500 -565.599
77600 -50.4477
77700 219.407
77800 -218.283
77900 591.414
78000 -368.949
78100 -423.859
78200 -497.525
78300 313.605
78400 93.2914
78500 -269.871
78600 322.445
78700 -152.992
78800 91.9197
78900 294.822
79000 -92.5271
79100 -311.494
79200 -200.5
79300 -112.556
79400 -298.607
79500 -31.7054
79600 -158.676
79700 50.5299
79800 -313.983
79900 617.777
80000 237.627
80100 -391.724
80200 -422.289
80300 -448.32
80400 -331.182
80500 -393.943
80600 -258.96
80700 -271.508
80800 -108.83
80900 -138.151
81000 -315.301
81100 33.4485
81200 35.9648
81300 -315.57
81400 -287.054
81500 199.353
81600 -88.0483
81700 -428.918
81800 -610.835
81900 -411.302
82000 -360.601
82100 -206.062
82200 -123.167
82300 -336.584
82400 -704.301
82500 38.3981
82600 -665.134
82700 -1080.11
82800 -787.488
82900 -819.372
83000 -1113.25
83100 -1024.15
83200 -229.225
83300 -503.667
83400 -117.804
83500 78.0394
83600 -419.524
83700 88.9438
83800 67.8511
83900 47.0108
84000 -428.884
84100 -202.082
84200 -1197.75
84300 -289.584
84400 -198.112
84500 -336.988
84600 -453.522
84700 -628.526
84800 -608.656
84900 -447.996
85000 -401.872
85100 -499.044
85200 -436.081
85300 -699.903
85400 -83.2934
85500 -332.47
85600 -551.504
85700 30.2804
85800 -531.475
85900 -796.315
86000 -434.337
86100 -197.924
86200 -521.023
86300 -816.446
86400 -468.513
86500 -349.467
86600 -485.187
86700 -156.822
86800 -235.182
86900 -60.5466
87000 -227.95
87100 131.103
87200 -231.687
87300 -508.632
87400 -350.652
87500 -436.433
87600 -326.258
87700 -62.974
87800 -149.501
87900 -777.861
88000 158.334
88100 -345.11
88200 -217.855
88300 -85.9676
88400 -459.782
88500 -473.427
88600 -822.918
88700 -325.776
88800 -472.247
88900 -521.363
89000 -335.95
89100 -772.849
89200 -207.392
89300 -441.181
89400 -359.615
89500 -636.813
89600 -182.857
89700 399.305
89800 285.358
89900 -221.445
90000 -188.936
90100 -428.559
90200 -370.567
90300 -108.456
90400 11.7741
90500 -373.214
90600 -556.229
90700 -33.8117
90800 -392.106
90900 49.4552
91000 -222.824
91100 128.386
91200 -128.405
91300 -94.8494
91400 -522.855
91500 198.565
91600 -67.3157
91700 202.43
91800 -21.2003
91900 -340.711
92000 245.729
92100 -305.028
92200 198.772
92300 -377.354
92400 61.6987
92500 -270.219
92600 -527.229
92700 -8.38835
92800 -53.246
92900 -34.915
93000 -67.9478
93100 -296.501
93200 -184.767
93300 -681.431
93400 -215.67
93500 -368.118
93600 107.444
93700 -238.736
93800 -245.374
93900 -290.522
94000 -209.014
94100 212.153
94200 148.412
94300 -147.502
94400 -10.4206
94500 -128.847
94600 348.738
94700 24.9559
94800 32.9519
94900 -519.142
95000 134.557
95100 -364.023
95200 -240.731
95300 220.481
95400 -276.763
95500 -517.196
95600 -312.452
95700 -417.65
95800 -1.77398
95900 -274.922
96000 -391.24
96100 -111.345
96200 156.091
96300 43.2701
96400 -380.668
96500 -308.512
96600 -49.814
96700 219.308
96800 127.365
96900 64.2011
97000 -284.83
97100 394.328
97200 69.8062
97300 -106.091
97400 -250.519
97500 -54.6875
97600 -204.284
97700 -174.884
97800 -223.136
97900 -186.215
98000 -451.014
98100 -270.388
98200 -236.082
98300 -403.626
98400 -124.817
98500 -187.169
98600 142.644
98700 472.387
98800 -24.0405
98900 -527.394
99000 -1039.5
99100 -343.451
99200 -185.526
99300 -167.059
99400 -213.416
99500 273.049
99600 -580.074
99700 -12.7122
99800 -62.2784
99900 -198.006
100000 -4.36093
100100 360.312
100200 -595.5
100300 -314.609
100400 -54.4506
100500 -12.0946
100600 -109.851
100700 -16.6955
100800 -277.04
100900 -122.92
101000 114.554
101100 236.125
101200 -138.271
101300 -302.566
101400 221.778
101500 -592.385
101600 -677.617
101700 127.262
101800 -420.207
101900 -624.762
102000 -181.078
102100 -364.305
102200 -542.505
102300 -627.549
102400 -463.298
102500 -509.482
102600 -821.906
102700 -165.834
102800 14.6388
102900 -695.624
103000 -298.938
103100 38.7343
103200 -445.849
103300 -166.549
103400 -20.0703
103500 -43.5131
103600 400.885
103700 -292.702
103800 -237.336
103900 204.793
104000 -438.225
104100 -306.052
104200 -190.704
104300 -192.677
104400 -4.4859
104500 -321.213
104600 58.786
104700 -316.34
104800 385.55
104900 -111.198
105000 -208.356
105100 -75.8885
105200 -15.7048
105300 174.473
105400 -188.168
105500 37.3986
105600 -296.132
105700 -186.596
105800 -51.5783
105900 -150.773
106000 -168.537
106100 27.3475
106200 -301.651
106300 92.0122
106400 329.402
106500 440.483
106600 258.353
106700 126.387
106800 182.855
106900 -40.8625
107000 21.31
107100 -216.746
107200 -62.1601
107300 -209.189
107400 -553.624
107500 208.063
107600 -328.801
107700 -85.8539
107800 58.2251
107900 -362.615
108000 435.635
108100 26.2797
108200 76.5461
108300 -102.383
108400 130.565
108500 0.708833
108600 -112.047
108700 -378.514
108800 218.11
108900 119.027
109000 -402.63
109100 537.69
109200 13.9166
109300 660.635
109400 -102.494
109500 -359.901
109600 -221.47
109700 -713.702
109800 -336.245
109900 -136.605
110000 -211.88
110100 -578.718
110200 481.6
110300 137.794
110400 194.352
110500 -29.1964
110600 -66.2792
110700 268.982
110800 -168.489
110900 -421.599
111000 -381.927
111100 -492.111
111200 -124.645
111300 -482.832
111400 -457.222
111500 -564.709
111600 -1012.71
111700 -542.285
111800 -312.842
111900 -638.434
112000 -66.7716
112100 -312.823
112200 -240.412
112300 -478.968
112400 -189.325
112500 -273.69
112600 308.092
112700 -471.376
112800 123.329
112900 -330.499
113000 -485.771
113100 -317.93
113200 260.181
113300 -146.87
113400 -264.548
113500 -35.7093
113600 -47.747
113700 -87.3301
113800 54.2776
113900 148.893
114000 246.832
114100 147.683
114200 -119.713
114300 225.314
114400 452.361
114500 -8.3304
114600 576.732
114700 227.744
114800 -310.324
114900 -89.1136
115000 -51.6411
115100 -36.7521
115200 -440.481
115300 -50.5868
115400 -781.273
115500 -218.565
115600 -336.164
115700 -626.041
115800 -719.927
115900 -485.073
116000 -563.332
116100 -615.875
116200 119.828
116300 -597.632
116400 -56.9902
116500 -98.6165
116600 -435.686
116700 -388.179
116800 -258.206
116900 -412.142
117000 -309.395
117100 232.428
117200 -351.644
117300 149.647
117400 -201.23
117500 108.549
117600 163.807
117700 -301.968
117800 -128.155
117900 -582.969
118000 -461.065
118100 80.2922
118200 -198.098
118300 33.9297
118400 -235.017
118500 -429.366
118600 -554.298
118700 -702.657
118800 -470.085
118900 -220.484
119000 24.8338
119100 168.303
119200 214.073
119300 -272.958
119400 -165.255
119500 -395.939
119600 -218.186
119700 -434.146
119800 -547.621
119900 -358.713
120000 -495.617
120100 -662.042
120200 -711.357
120300 -340.113
120400 -312.654
120500 -846.625
120600 -399.699
120700 -248.875
120800 -386.928
120900 -425.251
121000 -1073.89
121100 -367.004
121200 -752.301
121300 -851.845
121400 -635.916
121500 -961.696
121600 -695.851
121700 -165.938
121800 -305.099
121900 -232.618
122000 -946.843
122100 -816.278
122200 -664.858
122300 -398.799
122400 8.534
122500 -89.3242
122600 -639.471
122700 -533.326
122800 -579.252
122900 -579.231
123000 -1017.29
123100 -403.049
123200 -409.26
123300 -765.227
123400 -562.068
123500 -479.52
123600 -171.395
123700 71.9538
123800 -757.353
123900 -296.88
124000 -172.827
124100 -197.473
124200 -835.582
124300 -615.856
124400 -81.7649
124500 -867.66
124600 122.117
124700 -587.331
124800 -495.187
124900 -435.561
125000 -366.628
125100 -499.077
125200 -314.733
125300 -28.8876
125400 -329.774
125500 200.309
125600 -143.952
125700 -163.87
125800 104.936
125900 -704.256
126000 51.9703
126100 -486.663
126200 536.66
126300 52.5884
126400 40.0941
126500 -229.975
126600 -74.3519
126700 -85.4065
126800 -1040.57
126900 -316.995
127000 -322.137
127100 -720.001
127200 -180.66
127300 -959.446
127400 -189.523
127500 -1051.88
127600 -337.42
127700 -206.29
127800 61.6656
127900 -64.9907
128000 -220.463
128100 58.0554
128200 -574.22
128300 -330.228
128400 -477.505
128500 92.3491
128600 -112.158
128700 -444.073
128800 -471.127
128900 -137.337
129000 124.163
129100 -495.551
129200 -114.95
129300 26.8149
129400 -545.171
129500 40.311
129600 19.627
129700 -258.322
129800 -259.769
129900 -111.832
130000 -387.317
130100 -176.545
130200 -515.888
130300 -436.053
130400 -792.277
130500 -267.585
130600 -796.547
130700 -414.147
130800 -512.545
130900 -453.176
131000 -973.403
131100 -730.53
131200 -246.665
131300 -120.518
131400 -299.175
131500 -312.284
131600 -663.99
131700 -144.801
131800 -346.675
131900 304.756
132000 -267.973
132100 -270.981
132200 -278.966
132300 -361.973
132400 -198.953
132500 -123.213
132600 -472.661
132700 -375.788
132800 -397.335
132900 118.03
133000 -75.9767
133100 -287.511
133200 -449.593
133300 -718.678
133400 -617.346
133500 -268.273
133600 -323.788
133700 187.795
133800 -155.546
133900 -431.11
134000 -692.109
134100 -632.567
134200 87.9871
134300 -228.17
134400 -638.618
134500 -431.5
134600 30.1064
134700 -468.704
134800 -500.707
134900 -298.467
135000 -577.714
135100 -342.379
135200 -481.646
135300 -141.153
135400 421.204
135500 -149.916
135600 -487.116
135700 -620.425
135800 -69.8593
135900 288.181
136000 -458.9
136100 -695.989
136200 -282.699
136300 -653.439
136400 -702.654
136500 -606.7
136600 -808.057
136700 -863.091
136800 -832.061
136900 -159.378
137000 -381.305
137100 -7.93868
137200 -356.384
137300 -394.05
137400 31.2756
137500 -162.407
137600 -318.712
137700 -405.797
137800 -554.037
137900 -320.845
138000 -391.969
138100 -178.758
138200 -372.994
138300 -405.318
138400 9.46422
138500 -536.773
138600 -96.8812
138700 -54.7826
138800 -369.426
138900 291.89
139000 -222.742
139100 -420.351
139200 -429.329
139300 -567.426
139400 -396.173
139500 -466.802
139600 -272.932
139700 -705.269
139800 -626.93
139900 -703.59
140000 -19.6719
140100 -914.403
140200 -410.666
140300 -560.638
140400 -105.069
140500 -702.085
140600 -374.55
140700 49.8469
140800 -561.897
140900 -490.709
141000 -185.633
141100 145.169
141200 -953.913
141300 -412.83
141400 -496.978
141500 -14.4138
141600 -1002.12
141700 -997.09
141800 -879.276
141900 -876.557
142000 -756.793
142100 -726.543
142200 -733.966
142300 -796.051
142400 -87.3881
142500 -784.469
142600 -436.166
142700 -664.948
142800 -837.893
142900 -740.845
143000 -347.681
143100 -309.885
143200 -189.299
143300 26.0634
143400 -363.107
143500 134.471
143600 -48.393
143700 -146.029
143800 -452.53
143900 -3.62511
144000 260.528
144100 -71.593
144200 -761.379
144300 -399.674
144400 -433.464
144500 -216.055
144600 68.8257
144700 3.24293
144800 -172.217
144900 -48.5587
145000 -415.753
145100 -143.679
145200 -259.551
145300 -209.337
145400 16.908
145500 35.9092
145600 -298.899
145700 71.4428
145800 -345.817
145900 -582.716
146000 -295.122
146100 -196.008
146200 -260.239
146300 -325.706
146400 -92.9803
146500 119.959
146600 57.2253
146700 -270.074
146800 43.4789
146900 356.635
147000 -62.0327
147100 -481.379
147200 -240.368
147300 -221.275
147400 -299.226
147500 -723.894
147600 -537.682
147700 1.98443
147800 -676.776
147900 39.2985
148000 -414.59
148100 -64.2792
148200 -69.2669
148300 -646.972
148400 -238.987
148500 -770.907
148600 -635.704
148700 -742.686
148800 -481.805
148900 -419.721
149000 -616.549
149100 -536.946
149200 -258.668
149300 -14.3954
149400 -418.598
149500 -641.823
149600 -0.155521
149700 -143.151
149800 -558.996
149900 334.14
150000 -407.329
150100 -100.809
150200 -163.642
150300 41.8102
150400 37.5983
150500 -622.672
150600 175.55
150700 -288.299
150800 240.998
150900 393.023
151000 -5.78529
151100 29.4684
151200 -388.189
151300 -466.618
151400 -588.995
151500 -191.016
151600 -243.977
151700 -190.846
151800 -75.5982
151900 -559.414
152000 191.565
152100 -91.5603
152200 -222.36
152300 -191.148
152400 73.0533
152500 -796.386
152600 228.877
152700 -387.119
152800 326.565
152900 -189.118
153000 -386.704
153100 -274.213
153200 -578.237
153300 -649.482
153400 34.0554
153500 -85.1435
153600 -70.4929
153700 346.973
153800 -280.633
153900 -317.708
154000 -351.556
154100 -415.1
154200 -78.6706
154300 81.6945
154400 -539.897
154500 320.759
154600 -117.081
154700 -447.598
154800 -455.782
154900 -703.141
155000 -565.568
155100 -289.27
155200 -344.194
155300 -383.466
155400 -341.161
155500 -483.056
155600 -327.82
155700 34.8543
155800 -146.79
155900 -66.9307
156000 490.601
156100 25.7149
156200 -133.835
156300 -214.806
156400 -62.0992
156500 -104.774
156600 -258.518
156700 -51.0183
156800 -123.117
156900 -160.293
157000 -752.781
157100 -104.751
157200 -451.937
157300 -409.939
157400 -134.26
157500 -186.455
157600 -1009.24
157700 -336.16
157800 -657.459
157900 -968.232
158000 -60.6941
158100 -115.717
158200 -620.811
158300 -308.367
158400 206.914
158500 258.004
158600 -144.76
158700 -263.017
158800 253.991
158900 249.854
159000 -504.816
159100 331.303
159200 432.467
159300 195.716
159400 372.398
159500 -271.158
159600 23.9556
159700 -25.4898
159800 -714.756
159900 16.5384
160000 253.776
160100 0.629155
160200 273.754
160300 -23.3761
160400 -29.2696
160500 105.392
160600 54.7934
160700 67.531
160800 -179.197
160900 170.311
161000 -648.148
161100 -120.967
161200 13.7673
161300 179.648
161400 -35.9554
161500 -230.487
161600 -386.177
161700 -488.081
161800 -649.888
161900 -837.461
162000 -402.12
162100 -638.115
162200 -180.201
162300 -375.433
162400 -767.308
162500 144.852
162600 10.201
162700 -295.482
162800 43.4608
162900 -646.403
163000 -257.955
163100 -411.505
163200 -40.7269
163300 -636.284
163400 131.935
163500 103.159
163600 -110.438
163700 -393.258
163800 -62.129
163900 221.135
164000 -126.275
164100 -659.603
164200 -462.907
164300 -144.075
164400 -643.917
164500 -390.502
164600 -144.218
164700 -259.287
164800 0.266762
164900 127.783
165000 33.2912
165100 -292.76
165200 -309.984
165300 -356.48
165400 -392.256
165500 6.12571
165600 51.9064
165700 -231.457
165800 -2.0748
165900 29.5518
166000 -293.741
166100 -218.056
166200 37.7182
166300 -392.118
166400 -73.7408
166500 -113.372
166600 -393.82
166700 -66.6935
166800 6.36507
166900 -479.48
167000 -239.766
167100 -508.987
167200 -463.98
167300 -389.597
167400 -523.826
167500 -40.7976
167600 -575.085
167700 97.0612
167800 -237.481
167900 101.915
168000 -18.2145
168100 -135.902
168200 -419.856
168300 -271.527
168400 -42.6148
168500 -25.7308
168600 -127.826
168700 -358.238
168800 -486.592
168900 37.6793
169000 -46.495
169100 572.656
169200 203.869
169300 -211.487
169400 -779.426
169500 -290.867
169600 -948.987
169700 -641.925
169800 -453.844
169900 -378.268
170000 221.891
170100 -489.142
170200 -387.088
170300 -256.469
170400 -223.086
170500 -75.3967
170600 -632.698
170700 -320.883
170800 71.3052
170900 -329.757
171000 -194.682
171100 -84.7481
171200 -469.517
171300 -476.408
171400 -18.0125
171500 -151.237
171600 -221.558
171700 -59.3544
171800 -590.864
171900 -149.794
172000 -653.391
172100 -324.341
172200 -796.142
172300 -339.416
172400 -501.291
172500 -829.271
172600 -765.475
172700 -845.116
172800 -840.52
172900 -900.359
173000 -566.368
173100 -670.163
173200 147.177
173300 -546.559
173400 -922.883
173500 -546.805
173600 -902.799
173700 -459.975
173800 -94.9356
173900 -243.35
174000 -447.55
174100 -103.209
174200 239.968
174300 -135.046
174400 -239.741
174500 -142.33
174600 -84.2113
174700 629.973
174800 13.843
174900 -70.7794
175000 -651.506
175100 -352.6
175200 -502.717
175300 -801.59
175400 -623.851
175500 -782.095
175600 -1002.11
175700 -942.223
175800 -623.647
175900 -623.359
176000 -291.656
176100 -294.54
176200 -465.413
176300 -590.206
176400 -223.513
176500 -823.642
176600 -474.175
176700 -603.996
176800 -694.924
176900 -596.974
177000 -641.517
177100 -654.511
177200 -512.624
177300 -161.191
177400 -158.905
177500 -545.038
177600 -463.762
177700 36.1736
177800 -547.082
177900 140.101
178000 241.295
178100 -428.36
178200 -450.895
178300 -321.492
178400 -362.27
178500 -512.432
178600 -219.852
178700 -614.117
178800 -521.279
178900 -240.799
179000 -142.49
179100 -303.147
179200 -87.4953
179300 -13.3296
179400 -70.9233
179500 -136.916
179600 206.819
179700 157.6
179800 480.294
179900 -45.7157
180000 -162.903
180100 -127.033
180200 -142.958
180300 -83.3332
180400 369.129
180500 0.557203
180600 315.431
180700 -256.072
180800 42.2708
180900 -121.04
181000 -151.021
181100 -293.294
181200 -5.39721
181300 -471.399
181400 19.3366
181500 -330.859
181600 -162.073
181700 105.174
181800 -304.596
181900 -122.733
182000 -414.04
182100 -713.685
182200 -750.906
182300 -797.114
182400 -563.306
182500 -912.133
182600 -601.023
182700 -941.66
182800 -453.467
182900 110.968
183000 171.626
183100 18.3093
183200 -275.696
183300 -273.441
183400 -652.692
183500 -256.093
183600 -188.293
183700 -526.543
183800 -342.243
183900 -412.766
184000 -710.255
184100 -516.149
184200 -687.672
184300 -815.418
184400 -517.331
184500 -481.111
184600 -210.516
184700 -1024.03
184800 -775.875
184900 -676.675
185000 -581.215
185100 -471.843
185200 -104.839
185300 -531.734
185400 -538.013
185500 -811.327
185600 -679.559
185700 -739.997
185800 -668.997
185900 -370.848
186000 -568.483
186100 120.856
186200 62.2227
186300 -517.48
186400 -15.926
186500 -696.512
186600 -39.5552
186700 -462.376
186800 -692.679
186900 -409.663
187000 -268.959
187100 -526.777
187200 -315.249
187300 -148.83
187400 -21.9327
187500 -301
187600 191.863
187700 299.411
187800 493.362
187900 82.3249
188000 -705.859
188100 -484.007
188200 222.348
188300 99.4479
188400 -360.192
188500 -30.3408
188600 217.082
188700 237.261
188800 -433.273
188900 -296.484
189000 -192.834
189100 -858.921
189200 -359.937
189300 -273.012
189400 -284.455
189500 -538.785
189600 -464.131
189700 -705.86
189800 -816.187
189900 -674.219
190000 -1274.08
190100 -720.443
190200 -887.221
190300 -919.377
190400 -924.013
190500 -719.865
190600 -704.625
190700 -344.891
190800 -914.648
190900 -753.952
191000 -998.295
191100 -409.455
191200 -628.057
191300 -549.581
191400 -659.272
191500 -725.13
191600 39.6953
191700 -807.679
191800 -769.496
191900 -713.875
192000 -242.73
192100 -522.716
192200 -142.801
192300 -876.809
192400 -384.613
192500 -631.674
192600 -132.233
192700 -224.133
192800 -296.094
192900 -620.859
193000 -694.49
193100 -625.422
193200 -752.571
193300 -432.144
193400 -929.847
193500 -308.612
193600 -714.868
193700 36.8233
193800 -24.429
193900 74.2224
194000 11.0691
194100 -408.219
194200 80.499
194300 -427.763
194400 -302.651
194500 389.029
194600 -575.638
194700 29.5563
194800 -348.777
194900 -187.041
195000 -484.976
195100 -392.179
195200 -1062.51
195300 -887.122
195400 -716.304
195500 -127.047
195600 -528.523
195700 -558.102
195800 15.0036
195900 -169.044
196000 -34.04
196100 -473.36
196200 -380.059
196300 -529.362
196400 434.296
196500 408.222
196600 -465.321
196700 -450.7
196800 -10.7852
196900 -139.455
197000 252.165
197100 174.544
197200 -130.906
197300 99.9157
197400 135.326
197500 -66.6236
197600 -295.834
197700 -340.965
197800 -153.756
197900 -432.408
198000 -1000.47
198100 -722.498
198200 -451.776
198300 -325.481
198400 -463.808
198500 -150.704
198600 -159.06
198700 -101.018
198800 -337.357
198900 -411.887
199000 -16.3445
199100 -432.043
199200 -209.34
199300 -593.911
199400 -685.512
199500 -658.191
199600 -342.704
199700 -253.507
199800 -593.849
199900 -440.213
200000 -619.82
