# Time-averaged data for fix tout
# TimeStep c_watT
0 297.591
100 306.242
200 307.143
300 300.744
400 305.587
500 307.896
600 304.643
700 293.523
800 295.861
900 305.47
1000 308.751
1100 306.211
1200 296.629
1300 299.33
1400 318.479
1500 304.302
1600 305.855
1700 302.65
1800 290.844
1900 312.641
2000 294.264
2100 292.003
2200 305.248
2300 304.939
2400 301.106
2500 297.169
2600 302.463
2700 308.194
2800 302.424
2900 303.232
3000 303.429
3100 295.53
3200 314.295
3300 303.041
3400 293.15
3500 294.411
3600 285.694
3700 301.263
3800 305.536
3900 302.423
4000 304.721
4100 314.361
4200 298.772
4300 301.174
4400 305.143
4500 314.013
4600 307.774
4700 299.068
4800 298.045
4900 299.323
5000 295.355
5100 301.304
5200 302.866
5300 295.805
5400 298.008
5500 296.048
5600 291.241
5700 302.872
5800 300.109
5900 302.442
6000 306.522
6100 299.648
6200 290.055
6300 305.494
6400 307.218
6500 306.249
6600 298.523
6700 299.154
6800 302.593
6900 306.147
7000 302.278
7100 308.883
7200 296.759
7300 295.519
7400 304.147
7500 310.848
7600 301.89
7700 301.816
7800 294.017
7900 303.077
8000 300.069
8100 308.497
8200 306.093
8300 296.755
8400 302.764
8500 296.257
8600 294.197
8700 304.679
8800 300.593
8900 301.557
9000 296.362
9100 297.971
9200 310.31
9300 302.115
9400 300.968
9500 295.98
9600 297.971
9700 302.427
9800 302.457
9900 308.801
10000 295.205
10100 304.513
10200 295.786
10300 305.758
10400 288.349
10500 292.177
10600 292.886
10700 302.797
10800 298.938
10900 305.012
11000 291.271
11100 301.39
11200 298.027
11300 290.551
11400 299.845
11500 294.835
11600 287.381
11700 294.718
11800 310.533
11900 295.11
12000 291.813
12100 309.293
12200 305.918
12300 314.247
12400 307.238
12500 296.977
12600 313.942
12700 301.765
12800 299.755
12900 308.958
13000 305.165
13100 299.292
13200 301.318
13300 296.92
13400 303.724
13500 289.679
13600 301.047
13700 298.171
13800 305.109
13900 303.698
14000 301.553
14100 302.402
14200 304.108
14300 290.141
14400 313.916
14500 301.08
14600 301.153
14700 295.95
14800 312.059
14900 298.13
15000 299.547
15100 304.896
15200 299.885
15300 302.906
15400 307.003
15500 306.278
15600 312.727
15700 295.145
15800 315.519
15900 301.028
16000 310.118
16100 309.818
16200 302.757
16300 304.482
16400 298.574
16500 305.12
16600 297.977
16700 306.099
16800 289.877
16900 300.682
17000 293.57
17100 295.853
17200 304.655
17300 296.981
17400 306.372
17500 293.689
17600 305.32
17700 304.484
17800 310.794
17900 302.868
18000 305.934
18100 297.803
18200 302.359
18300 308.703
18400 313.708
18500 312.697
18600 304.783
18700 306.395
18800 293.386
18900 300.593
19000 296.359
19100 298.746
19200 313.007
19300 303.969
19400 313.468
19500 298.953
19600 295.926
19700 313.944
19800 312.048
19900 314.987
20000 303.436
20100 306.63
20200 298.508
20300 311.971
20400 314.445
20500 305.476
20600 304.956
20700 305.993
20800 298.868
20900 310.691
21000 318.011
21100 308.937
21200 312.455
21300 310.686
21400 297.497
21500 296.855
21600 304.193
21700 299.712
21800 299.393
21900 309.73
22000 304.57
22100 300.162
22200 308.948
22300 311.143
22400 310.426
22500 304.25
22600 308.913
22700 296.672
22800 302.596
22900 309.617
23000 297.274
23100 300.568
23200 308.373
23300 300.126
23400 297.261
23500 298.622
23600 298.819
23700 298.807
23800 301.333
23900 308.623
24000 302.325
24100 305.257
24200 294.758
24300 293.735
24400 294.276
24500 299.91
24600 292.964
24700 307.711
24800 296.741
24900 311.627
25000 301.341
25100 300.094
25200 296.319
25300 304.258
25400 297.066
25500 312.133
25600 303.256
25700 312.921
25800 297.986
25900 299.664
26000 307.681
26100 298.158
26200 308.336
26300 309.348
26400 309.418
26500 294.54
26600 298.907
26700 305.512
26800 313.921
26900 303.324
27000 299.024
27100 300.075
27200 298.929
27300 310.982
27400 305.836
27500 297.429
27600 292.787
27700 303.71
27800 294.279
27900 306.105
28000 303.076
28100 297.581
28200 302.675
28300 300.517
28400 313.184
28500 307.006
28600 296.301
28700 287.606
28800 300.045
28900 306.123
29000 308.394
29100 295.132
29200 297.609
29300 302.401
29400 309.785
29500 301.49
29600 309.122
29700 303.754
29800 301.387
29900 308.636
30000 302.958
30100 302.608
30200 303.513
30300 311.279
30400 309.105
30500 308.45
30600 307.867
30700 298.694
30800 308.707
30900 300.604
31000 294.475
31100 298.849
31200 295.358
31300 302.465
31400 310.14
31500 296.479
31600 292.104
31700 299.424
31800 297.507
31900 297.65
32000 298.388
32100 297.835
32200 300.321
32300 302.237
32400 305.044
32500 299.4
32600 285.861
32700 303.752
32800 314.606
32900 303.912
33000 310.174
33100 298.067
33200 309.599
33300 308.175
33400 309.327
33500 306.777
33600 311.991
33700 320.164
33800 311.862
33900 298.535
34000 304.83
34100 302.1
34200 300.391
34300 293.892
34400 301.145
34500 297.244
34600 308.13
34700 311.607
34800 300.529
34900 311.57
35000 307.474
35100 299.906
35200 304.295
35300 303.847
35400 305.264
35500 319.651
35600 313.149
35700 309.811
35800 294.682
35900 290.629
36000 310.445
36100 304.996
36200 296.031
36300 305.367
36400 311.542
36500 299.29
36600 313.511
36700 309.223
36800 305.181
36900 315.497
37000 324.066
37100 317.903
37200 316.393
37300 321.085
37400 312.287
37500 309.503
37600 307.229
37700 304.486
37800 321.201
37900 304.463
38000 310.772
38100 307.836
38200 310.967
38300 310.533
38400 306.074
38500 318.264
38600 311.337
38700 314.78
38800 316.113
38900 305.444
39000 313.232
39100 295.586
39200 311.655
39300 306.157
39400 310.924
39500 312.04
39600 303.296
39700 309.074
39800 304.425
39900 301.249
40000 298.753
40100 306.368
40200 299.977
40300 303.647
40400 307.59
40500 315.874
40600 301.851
40700 307.13
40800 312.911
40900 295.493
41000 302.668
41100 298.638
41200 305.487
41300 303.693
41400 317.27
41500 309.844
41600 301.617
41700 306.541
41800 308.958
41900 308.668
42000 306.023
42100 310.128
42200 306.112
42300 318.405
42400 297.704
42500 303.098
42600 302.976
42700 304.276
42800 315.93
42900 298.31
43000 298.139
43100 313.598
43200 300.573
43300 307.172
43400 306.981
43500 308.251
43600 304.994
43700 324.687
43800 301.953
43900 312.956
44000 299.647
44100 313.01
44200 308.625
44300 294.521
44400 305.067
44500 292.542
44600 318.022
44700 301.204
44800 306.803
44900 313.111
45000 311.051
45100 315.09
45200 314.151
45300 303.587
45400 307.139
45500 316.67
45600 302.064
45700 304.011
45800 308.261
45900 319.672
46000 317.734
46100 318.959
46200 312.957
46300 302.294
46400 315.026
46500 308.357
46600 314.309
46700 310.774
46800 315.352
46900 323.88
47000 309.026
47100 313.847
47200 310.643
47300 320.437
47400 303.349
47500 308.378
47600 307.63
47700 312.992
47800 308.187
47900 310.033
48000 305.326
48100 311.735
48200 312.948
48300 305.066
48400 306.629
48500 295.534
48600 305.102
48700 311.45
48800 304.359
48900 299.532
49000 297.485
49100 290.355
49200 301.149
49300 301.115
49400 305.523
49500 311.393
49600 295.941
49700 308.699
49800 304.056
49900 307.974
50000 307.781
50100 308.343
50200 308.423
50300 303.659
50400 297.304
50500 309.071
50600 303.252
50700 302.549
50800 303.438
50900 301.81
51000 308.813
51100 310.203
51200 303.423
51300 312.952
51400 297.206
51500 309.911
51600 309.367
51700 301.694
51800 295.127
51900 303.891
52000 292.176
52100 297.847
52200 296.448
52300 302.536
52400 304.398
52500 302.91
52600 295.896
52700 300.244
52800 313.446
52900 310.001
53000 293.818
53100 317.354
53200 301.551
53300 305.9
53400 306.813
53500 295.042
53600 307.703
53700 302.222
53800 305.782
53900 312.961
54000 310.074
54100 304.198
54200 299.465
54300 306.721
54400 308.889
54500 298.067
54600 292.955
54700 303.795
54800 301.049
54900 296.71
55000 301.752
55100 303.814
55200 302.296
55300 292.029
55400 305.562
55500 303.701
55600 306.009
55700 299.068
55800 304.732
55900 306.744
56000 312.552
56100 306.154
56200 303.07
56300 296.769
56400 299.002
56500 309.041
56600 316.109
56700 294.969
56800 306.744
56900 307.06
57000 295.888
57100 308.675
57200 309.487
57300 293.966
57400 305.827
57500 302.692
57600 303.924
57700 297.601
57800 307.908
57900 318.47
58000 315.161
58100 307.766
58200 309.084
58300 315.358
58400 310.48
58500 308.496
58600 309.473
58700 299.407
58800 304.3
58900 299.783
59000 297.433
59100 298.307
59200 298.663
59300 305.779
59400 309.713
59500 301.081
59600 302.037
59700 298.555
59800 306.815
59900 296.478
60000 297.227
60100 296.062
60200 296.491
60300 303.551
60400 302.864
60500 286.358
60600 295.897
60700 300.383
60800 306.248
60900 294.886
61000 302.954
61100 309.138
61200 323.125
61300 305.443
61400 299.511
61500 309.119
61600 304.159
61700 298.533
61800 298.601
61900 304.951
62000 310.674
62100 314.32
62200 308.708
62300 310.066
62400 316.436
62500 307.965
62600 304.863
62700 300.965
62800 305.639
62900 301.663
63000 303.317
63100 299.918
63200 301.285
63300 313.417
63400 306.439
63500 306.555
63600 307.973
63700 316.292
63800 309.019
63900 314.268
64000 295.13
64100 309.29
64200 302.469
64300 313.328
64400 302.376
64500 300.493
64600 309.862
64700 314.822
64800 302.032
64900 301.373
65000 291.83
65100 303.86
65200 315.473
65300 304.487
65400 293.551
65500 303.381
65600 310.188
65700 311.846
65800 304.09
65900 292.052
66000 296.326
66100 300.094
66200 301.235
66300 298.265
66400 304.533
66500 304.386
66600 303.725
66700 301.263
66800 293.859
66900 301.483
67000 300.024
67100 299.356
67200 311.41
67300 302.117
67400 307.413
67500 308.117
67600 303.198
67700 309.571
67800 318.908
67900 299.764
68000 309.435
68100 305.755
68200 302.707
68300 302.035
68400 304.299
68500 308.496
68600 308.215
68700 305.754
68800 300.301
68900 308.511
69000 302.767
69100 311.143
69200 310.834
69300 314.996
69400 306.636
69500 303.47
69600 311.671
69700 302.431
69800 301.387
69900 308.398
70000 303.282
70100 294.563
70200 309.961
70300 313.192
70400 296.049
70500 302.633
70600 294.714
70700 309.279
70800 303.828
70900 311.961
71000 302.657
71100 309.097
71200 309.29
71300 311.728
71400 299.424
71500 314.111
71600 305.264
71700 308.918
71800 303.799
71900 303.985
72000 300.986
72100 314.419
72200 307.082
72300 301.529
72400 301.347
72500 314.63
72600 296.334
72700 288.923
72800 292.719
72900 297.79
73000 311.14
73100 322.868
73200 303.226
73300 304.981
73400 293.036
73500 296.877
73600 312.015
73700 304.52
73800 301.117
73900 306.224
74000 302.573
74100 292.319
74200 304.231
74300 306.053
74400 297.718
74500 304.583
74600 311.944
74700 295.44
74800 293.265
74900 305.621
75000 302.935
75100 308.152
75200 296.174
75300 302.491
75400 305.4
75500 308.336
75600 306.819
75700 313.985
75800 298.036
75900 307.569
76000 314.877
76100 300.502
76200 312.927
76300 296.803
76400 296.471
76500 309.367
76600 298.283
76700 312.407
76800 313.198
76900 306.475
77000 311.444
77100 305.643
77200 301.332
77300 301.458
77400 312.912
77500 301.616
77600 300.305
77700 299.081
77800 305.15
77900 309.485
78000 301.939
78100 311.54
78200 295.754
78300 302.331
78400 300.504
78500 299.986
78600 297.75
78700 291.565
78800 298.943
78900 295.311
79000 297.32
79100 295.674
79200 292.877
79300 302.774
79400 307.626
79500 298.988
79600 303.633
79700 289.172
79800 303.058
79900 302.533
80000 299.004
80100 306.418
80200 300.114
80300 305.973
80400 298.964
80500 305.389
80600 297.898
80700 301.717
80800 298.367
80900 297.872
81000 300.636
81100 295.85
81200 299.91
81300 288.284
81400 317.109
81500 303.14
81600 304.601
81700 304.47
81800 302.403
81900 290.513
82000 302.853
82100 299.942
82200 305.892
82300 285.497
82400 297.864
82500 299.895
82600 306.232
82700 301.631
82800 303.132
82900 309.275
83000 283.272
83100 294.491
83200 295.424
83300 301.463
83400 305.946
83500 305.298
83600 302.052
83700 302.356
83800 303.104
83900 293.635
84000 295.066
84100 300.891
84200 291.001
84300 300.531
84400 297.992
84500 297.833
84600 295.05
84700 298.575
84800 301.95
84900 296.47
85000 300.916
85100 297.988
85200 307.102
85300 303.109
85400 303.822
85500 311.837
85600 302.42
85700 297.259
85800 301.68
85900 298.444
86000 297.382
86100 292.896
86200 298.543
86300 288.179
86400 300.188
86500 293.76
86600 308.605
86700 303.152
86800 306.259
86900 295.963
87000 301.932
87100 305.573
87200 304.935
87300 294.569
87400 302.221
87500 290.415
87600 296.862
87700 291.399
87800 304.627
87900 301.464
88000 295.607
88100 290.645
88200 302.736
88300 302.467
88400 304.43
88500 299.753
88600 296.347
88700 298.902
88800 303.025
88900 295.887
89000 289.687
89100 291.792
89200 306.181
89300 309.056
89400 300.829
89500 308.822
89600 292.656
89700 291.44
89800 298.109
89900 295.808
90000 308.523
90100 306.209
90200 297.685
90300 300.15
90400 304.574
90500 298.706
90600 297.257
90700 292.119
90800 307.503
90900 296.944
91000 305.532
91100 320.032
91200 301.638
91300 303.305
91400 309.802
91500 308.564
91600 297.829
91700 312.869
91800 311.84
91900 306.049
92000 306.541
92100 302.84
92200 293.197
92300 302.416
92400 302.216
92500 307.797
92600 310.531
92700 299.501
92800 290.577
92900 296.281
93000 297.853
93100 301.695
93200 304.178
93300 303.594
93400 299.301
93500 301.235
93600 309.835
93700 300.576
93800 302.263
93900 302.24
94000 317.671
94100 308.998
94200 306.126
94300 299.598
94400 305.667
94500 305.976
94600 300.612
94700 294.006
94800 308.848
94900 305.463
95000 305.668
95100 297.629
95200 311.285
95300 315.727
95400 296.729
95500 299.28
95600 311.702
95700 315.648
95800 299.966
95900 302.943
96000 312.074
96100 304.726
96200 301.489
96300 319.771
96400 308.726
96500 309.228
96600 309.452
96700 309.101
96800 308.578
96900 315.309
97000 302.09
97100 299.013
97200 305.479
97300 296.259
97400 314.178
97500 311.241
97600 306.93
97700 294.936
97800 310.444
97900 305.096
98000 293.991
98100 303.242
98200 307.724
98300 300.833
98400 300.892
98500 315.094
98600 306.902
98700 299.323
98800 315.805
98900 302.722
99000 301.289
99100 294.183
99200 297.14
99300 309.196
99400 296.483
99500 294.422
99600 306.507
99700 304.166
99800 304.594
99900 303.974
100000 303.321
100100 307.032
100200 309.177
100300 307.428
100400 305.06
100500 306.344
100600 304.82
100700 305.103
100800 309.673
100900 300.826
101000 301.261
101100 299.127
101200 299.437
101300 301.304
101400 307.81
101500 307.24
101600 296.224
101700 304.677
101800 297.066
101900 313.499
102000 292.534
102100 304.211
102200 298.781
102300 308.939
102400 301.783
102500 302.891
102600 294.834
102700 304.641
102800 305.042
102900 289.537
103000 289.722
103100 295.264
103200 280.661
103300 293.872
103400 304.433
103500 293.311
103600 299.932
103700 303.176
103800 296.723
103900 296.138
104000 288.571
104100 285.536
104200 293.737
104300 293.773
104400 304.985
104500 297.93
104600 290.24
104700 290.334
104800 302.828
104900 302.181
105000 298.383
105100 295.161
105200 295.379
105300 304.678
105400 300.675
105500 320.007
105600 305.288
105700 299.222
105800 315.658
105900 311.729
106000 294.458
106100 295.147
106200 296.626
106300 298.086
106400 307.256
106500 297.722
106600 306.346
106700 289.899
106800 302.141
106900 306.709
107000 308.83
107100 297.44
107200 294.632
107300 294.306
107400 297.48
107500 300.383
107600 299.778
107700 308.882
107800 299.173
107900 288.295
108000 291.958
108100 300.82
108200 304.612
108300 310.918
108400 302.706
108500 312.067
108600 302.401
108700 295.565
108800 297.042
108900 310.562
109000 296.357
109100 301.376
109200 301.066
109300 310.012
109400 310.751
109500 310.328
109600 309.736
109700 311.304
109800 303.648
109900 306.873
110000 299.757
110100 306.036
110200 305.088
110300 307.685
110400 309.229
110500 307.563
110600 309.252
110700 304.471
110800 304.075
110900 300.3
111000 295.143
111100 298.828
111200 299.657
111300 299.506
111400 291.163
111500 304.898
111600 291.174
111700 299.914
111800 300.96
111900 300.066
112000 294.717
112100 297.134
112200 289.154
112300 300.814
112400 318.108
112500 294.926
112600 291.247
112700 296.769
112800 300.451
112900 299.616
113000 289.58
113100 293.269
113200 292.074
113300 291.005
113400 295.219
113500 281.241
113600 285.232
113700 287.179
113800 296.975
113900 286.696
114000 304.974
114100 283.493
114200 287.6
114300 295.102
114400 289.605
114500 297.322
114600 298.832
114700 299.436
114800 305.024
114900 297.875
115000 298.366
115100 296.252
115200 304.401
115300 305.974
115400 305.197
115500 297.936
115600 302.031
115700 301.33
115800 309.49
115900 305.815
116000 303.333
116100 307.02
116200 300.086
116300 299.306
116400 310.842
116500 300.162
116600 302.986
116700 303.937
116800 304.854
116900 310.578
117000 290.466
117100 297.465
117200 305.992
117300 305.181
117400 296.296
117500 307.934
117600 301.646
117700 299.956
117800 294.603
117900 297.832
118000 304.937
118100 298.952
118200 298.609
118300 300.66
118400 287.89
118500 293.521
118600 297.685
118700 297.186
118800 291.814
118900 287.768
119000 292.68
119100 289.866
119200 298.564
119300 296.983
119400 287.001
119500 290.341
119600 301.1
119700 303.674
119800 290.399
119900 296.095
120000 285.039
120100 290.984
120200 294.242
120300 310.556
120400 306.68
120500 312.773
120600 304.485
120700 305.895
120800 316.084
120900 303.479
121000 313.623
121100 304.761
121200 292.406
121300 292.772
121400 298.895
121500 299.967
121600 291.576
121700 302.915
121800 307.165
121900 306.542
122000 309.807
122100 307.887
122200 307.366
122300 295.207
122400 294.023
122500 282.28
122600 293.85
122700 302.66
122800 301.7
122900 304.355
123000 301.575
123100 305.063
123200 304.083
123300 298.692
123400 306.605
123500 308.817
123600 299.912
123700 288.998
123800 292.591
123900 313.286
124000 300.314
124100 308.485
124200 285.415
124300 298.72
124400 290.704
124500 309.06
124600 300.45
124700 300.594
124800 303.77
124900 297.744
125000 291.448
125100 298.606
125200 307.265
125300 306.48
125400 305.341
125500 296.728
125600 301.135
125700 312.689
125800 302.757
125900 313.296
126000 305.138
126100 300.39
126200 283.575
126300 301.17
126400 298.221
126500 293.104
126600 300.02
126700 297.052
126800 309.082
126900 289.22
127000 305.847
127100 287.982
127200 298.652
127300 297.595
127400 301.151
127500 306.053
127600 307.988
127700 299.566
127800 303.968
127900 293.327
128000 301.606
128100 307.158
128200 313.46
128300 290.014
128400 291.971
128500 301.306
128600 297.743
128700 300.163
128800 294.121
128900 288.749
129000 303.314
129100 304.191
129200 298.681
129300 289.871
129400 293.433
129500 308.197
129600 291.01
129700 303.265
129800 288.639
129900 291.804
130000 297.169
130100 294.12
130200 289.481
130300 296.389
130400 294.7
130500 284.848
130600 308.902
130700 292.223
130800 301.439
130900 302.568
131000 297.04
131100 305.424
131200 303.071
131300 301.967
131400 305.738
131500 309.087
131600 297.854
131700 301.768
131800 294.206
131900 296.955
132000 299.715
132100 287.949
132200 290.668
132300 302.352
132400 304.295
132500 299.18
132600 294.948
132700 308.951
132800 295.261
132900 300.444
133000 301.801
133100 295.494
133200 288.444
133300 303.94
133400 302.501
133500 304.666
133600 299.748
133700 290.587
133800 298.052
133900 305.701
134000 287.465
134100 296.382
134200 288.168
134300 308.163
134400 311.328
134500 300.855
134600 306.487
134700 294.355
134800 298.343
134900 300.453
135000 295.431
135100 303.383
135200 304.934
135300 298.626
135400 305.599
135500 294.584
135600 291.89
135700 291.289
135800 287.808
135900 303.582
136000 299.485
136100 300.239
136200 288.472
136300 304.251
136400 302.667
136500 311.928
136600 307.172
136700 309.293
136800 306.539
136900 298.925
137000 302.246
137100 301.836
137200 297.371
137300 301.413
137400 302.274
137500 308.188
137600 307.973
137700 300.705
137800 314.168
137900 303.825
138000 308.872
138100 302.244
138200 309.81
138300 311.817
138400 310.719
138500 305.989
138600 309.033
138700 307.742
138800 299.216
138900 300.351
139000 302.732
139100 298.314
139200 302.282
139300 305.161
139400 307.694
139500 304.913
139600 301.089
139700 295.115
139800 304.468
139900 293.797
140000 287.974
140100 305.874
140200 287.682
140300 308.679
140400 292.046
140500 301.729
140600 304.471
140700 307.344
140800 297.535
140900 309.027
141000 296.175
141100 294.397
141200 297.556
141300 303.974
141400 304.457
141500 303.79
141600 292.929
141700 306.621
141800 302.535
141900 299.615
142000 307.586
142100 318.893
142200 308.906
142300 308.278
142400 307.056
142500 310.722
142600 303.133
142700 305.589
142800 299.683
142900 309.975
143000 316.441
143100 303.194
143200 291.444
143300 301.117
143400 299.328
143500 310.073
143600 311.135
143700 305.715
143800 294.219
143900 308.143
144000 306.895
144100 302.55
144200 293.694
144300 305.599
144400 312.111
144500 299.631
144600 313.274
144700 303.61
144800 306.738
144900 317.888
145000 296.581
145100 310.252
145200 305.9
145300 318.24
145400 308.662
145500 310.422
145600 306.627
145700 317.222
145800 294.381
145900 310.597
146000 312.439
146100 312.737
146200 308.295
146300 298.764
146400 317.193
146500 315.894
146600 303.261
146700 315.97
146800 310.748
146900 311.192
147000 307.78
147100 312.325
147200 310.828
147300 309.036
147400 312.217
147500 303.448
147600 310.238
147700 308.577
147800 298.26
147900 310.488
148000 301.874
148100 302.672
148200 299.678
148300 307.023
148400 302.117
148500 300.638
148600 296.661
148700 315.741
148800 304.794
148900 294.327
149000 303.634
149100 311.184
149200 295.05
149300 297.132
149400 311.466
149500 298.996
149600 297.352
149700 297.045
149800 308.822
149900 297.305
150000 298.981
150100 309.023
150200 314.914
150300 307.765
150400 296.735
150500 304.147
150600 300.666
150700 304.703
150800 304.493
150900 302.692
151000 301.647
151100 304.128
151200 311.915
151300 311.183
151400 294.608
151500 308.326
151600 308.957
151700 316.452
151800 299.315
151900 311.529
152000 304.175
152100 296.089
152200 303.234
152300 301.769
152400 316.653
152500 314.374
152600 309.752
152700 298.9
152800 298.43
152900 307.913
153000 301.923
153100 315.371
153200 315.563
153300 314.899
153400 305.985
153500 302.728
153600 304.218
153700 304.61
153800 309.811
153900 309.354
154000 306.915
154100 308.522
154200 310.154
154300 300.36
154400 315.036
154500 310.292
154600 306.29
154700 299.989
154800 306.47
154900 316.57
155000 303.486
155100 303.285
155200 312.535
155300 315.353
155400 308.128
155500 301.338
155600 305.215
155700 313.064
155800 317.551
155900 303.969
156000 307.801
156100 308.702
156200 299.119
156300 320.028
156400 303.98
156500 302.824
156600 310.393
156700 301.28
156800 309.734
156900 302.977
157000 298.627
157100 299.622
157200 309.193
157300 304.758
157400 302.149
157500 315.033
157600 305.999
157700 306.481
157800 303.676
157900 306.29
158000 308.516
158100 317.599
158200 300.59
158300 296.587
158400 314.387
158500 317.467
158600 313.575
158700 311.691
158800 318.47
158900 314.458
159000 301.424
159100 298.605
159200 304.673
159300 318.991
159400 305.978
159500 302.491
159600 303.28
159700 302.122
159800 307.217
159900 304.992
160000 307.224
160100 295.165
160200 290.363
160300 306.621
160400 307.442
160500 299.053
160600 309.374
160700 307.913
160800 307.716
160900 302.698
161000 296.972
161100 310.707
161200 311.999
161300 310.688
161400 298.418
161500 305.226
161600 291.302
161700 303.615
161800 310.049
161900 311.078
162000 309.071
162100 319.884
162200 302.238
162300 304.04
162400 305.45
162500 309.398
162600 309.453
162700 306.472
162800 301.037
162900 313.422
163000 318.563
163100 311.233
163200 326.383
163300 322.699
163400 315.213
163500 307.117
163600 309.362
163700 314.782
163800 307.704
163900 306.826
164000 309.228
164100 307.96
164200 305.786
164300 308.814
164400 302.522
164500 317.02
164600 311.41
164700 313.265
164800 321.223
164900 304.438
165000 314.952
165100 308.948
165200 305.93
165300 314.716
165400 319.619
165500 309.074
165600 311.574
165700 318.845
165800 311.884
165900 302.155
166000 311.557
166100 316.014
166200 301.019
166300 316.864
166400 294.708
166500 297.635
166600 308.399
166700 302.923
166800 302.291
166900 312.139
167000 300.575
167100 311.613
167200 306.83
167300 310.642
167400 309.688
167500 304.221
167600 306.75
167700 311.948
167800 302.318
167900 309.829
168000 307.073
168100 300.778
168200 306.58
168300 304.906
168400 299.588
168500 297.827
168600 300.444
168700 316.129
168800 300.134
168900 299.203
169000 305.834
169100 291.928
169200 311.573
169300 297.882
169400 295.626
169500 293.321
169600 302.091
169700 296.583
169800 301.754
169900 315.208
170000 297.169
170100 306.073
170200 308.135
170300 297.108
170400 300.919
170500 312.376
170600 291.333
170700 297.403
170800 302.149
170900 299.715
171000 298.192
171100 302.442
171200 300.248
171300 301.465
171400 299.016
171500 312.326
171600 305.025
171700 298.629
171800 298.972
171900 298.092
172000 295.311
172100 306.806
172200 306.012
172300 291.939
172400 293.07
172500 291.76
172600 293.916
172700 303.505
172800 297.459
172900 297.007
173000 297.512
173100 298.128
173200 296.14
173300 295.546
173400 297.877
173500 287.774
173600 300.497
173700 302.566
173800 291.005
173900 307.429
174000 297.441
174100 289.593
174200 289.104
174300 304.176
174400 294.309
174500 295.586
174600 295.032
174700 288.323
174800 287.898
174900 299.06
175000 294.706
175100 299.664
175200 299.457
175300 302.309
175400 292.807
175500 295.551
175600 286.924
175700 294.825
175800 294.185
175900 301.279
176000 300.433
176100 289.938
176200 294.737
176300 295.237
176400 304.388
176500 295.983
176600 300.317
176700 303.849
176800 310.535
176900 292.59
177000 302.65
177100 300.654
177200 297.569
177300 295.145
177400 309.671
177500 296.975
177600 293.177
177700 301.38
177800 311.006
177900 287.579
178000 300.712
178100 291.698
178200 298.165
178300 295.716
178400 298.903
178500 311.045
178600 307.131
178700 302.471
178800 297.999
178900 300.675
179000 309.352
179100 310.455
179200 300.487
179300 295.579
179400 304.299
179500 296.642
179600 297.123
179700 299.855
179800 320.035
179900 304.842
180000 314.493
180100 299.324
180200 296.558
180300 310.207
180400 297.626
180500 300.329
180600 312.681
180700 308.398
180800 301.467
180900 305.512
181000 307.187
181100 310.317
181200 304.377
181300 305.586
181400 298.828
181500 308.123
181600 299.883
181700 305.653
181800 304.341
181900 293.264
182000 297.152
182100 296.269
182200 292.917
182300 301.028
182400 296.78
182500 299.217
182600 303.453
182700 289.129
182800 298.826
182900 307.654
183000 303.84
183100 294.385
183200 299.876
183300 301.864
183400 282.476
183500 289.336
183600 304.482
183700 310.425
183800 297.854
183900 300.389
184000 292.28
184100 295.235
184200 302.453
184300 306.477
184400 314.404
184500 302.429
184600 295.495
184700 300.963
184800 303.608
184900 310.985
185000 295.102
185100 289.346
185200 289.964
185300 291.476
185400 302.086
185500 285.068
185600 300.564
185700 283.861
185800 289.1
185900 280.228
186000 298.893
186100 303.747
186200 293.987
186300 305.928
186400 307.244
186500 294.808
186600 300.278
186700 301.16
186800 305.965
186900 283.86
187000 280.319
187100 297.661
187200 286.502
187300 316.454
187400 290.166
187500 301.052
187600 308.841
187700 307.024
187800 311.075
187900 306.873
188000 302.47
188100 302.886
188200 283.526
188300 302.881
188400 301.971
188500 297.961
188600 300.277
188700 287.492
188800 288.855
188900 285.858
189000 298.559
189100 291.196
189200 295.257
189300 305.029
189400 292.104
189500 302.344
189600 302.305
189700 305.734
189800 302.677
189900 288.515
190000 298.789
190100 309.351
190200 309.079
190300 301.872
190400 300.278
190500 308.762
190600 294.457
190700 299.88
190800 308.62
190900 308.072
191000 298.356
191100 299.873
191200 295.789
191300 301.07
191400 301.89
191500 302.743
191600 295.208
191700 306.567
191800 300.671
191900 298.346
192000 291.552
192100 311.689
192200 300.863
192300 310.206
192400 306.22
192500 304.712
192600 303.388
192700 302.359
192800 293.684
192900 300.103
193000 301.979
193100 307.759
193200 308.846
193300 306.229
193400 308.139
193500 295.357
193600 318.98
193700 312.02
193800 295.129
193900 304.776
194000 300.878
194100 301.195
194200 306.508
194300 307.639
194400 301.506
194500 301.786
194600 299.855
194700 296.579
194800 293.117
194900 301.636
195000 299.62
195100 291.172
195200 298.605
195300 301.649
195400 304.643
195500 294.251
195600 298.973
195700 292.295
195800 307.462
195900 296.347
196000 295.338
196100 304.373
196200 300.633
196300 304.705
196400 310.631
196500 300.528
196600 300.004
196700 301.525
196800 304.396
196900 299.016
197000 307.295
197100 293.229
197200 307.135
197300 306.543
197400 300.564
197500 308.686
197600 287.712
197700 291.318
197800 298.046
197900 299.979
198000 304.151
198100 298.151
198200 295.033
198300 299.624
198400 300.85
198500 303.774
198600 304.238
198700 288.152
198800 307.577
198900 302.062
199000 310.657
199100 294.49
199200 298.316
199300 305.951
199400 292.878
199500 303.949
199600 293.222
199700 304.383
199800 294.343
199900 294.261
200000 297.535
