# Time-averaged data for fix tout
# TimeStep c_watT
0 303.127
100 310.399
200 309.929
300 295.023
400 301.171
500 310.791
600 313.712
700 308.381
800 303.262
900 298.938
1000 310.192
1100 295.126
1200 293.805
1300 294.996
1400 294.211
1500 295.09
1600 295.357
1700 298.685
1800 304.272
1900 304.395
2000 313.466
2100 300.855
2200 307.904
2300 289.152
2400 301.511
2500 296.455
2600 315.43
2700 296.148
2800 299.128
2900 300.059
3000 291.954
3100 310.693
3200 299.74
3300 295.179
3400 299.731
3500 308.797
3600 299.009
3700 289.824
3800 308.669
3900 305.61
4000 308.097
4100 304.849
4200 299.991
4300 311.08
4400 307.642
4500 296.05
4600 312.326
4700 304.286
4800 308.539
4900 304.01
5000 296.321
5100 308.67
5200 302.904
5300 305.31
5400 300.257
5500 314.125
5600 305.811
5700 310.735
5800 308.214
5900 301.614
6000 308.19
6100 317.762
6200 310.317
6300 310.916
6400 300.903
6500 302.181
6600 296.596
6700 310.231
6800 307.46
6900 299.985
7000 308.338
7100 315.022
7200 295.533
7300 306.989
7400 301.101
7500 304.921
7600 312.695
7700 307.503
7800 320.127
7900 314.943
8000 318.318
8100 302.724
8200 305.964
8300 307.71
8400 305.558
8500 297.453
8600 309.106
8700 306.818
8800 304.691
8900 306.61
9000 311.476
9100 312.946
9200 300.668
9300 307.671
9400 315.35
9500 311.835
9600 315.13
9700 307.357
9800 306.274
9900 309.356
10000 306.772
10100 308.844
10200 305.82
10300 300.194
10400 310.323
10500 287.96
10600 310.065
10700 306.802
10800 295.731
10900 300.6
11000 294.891
11100 308.9
11200 311.016
11300 303.047
11400 306.154
11500 291.251
11600 305.702
11700 303.533
11800 296.602
11900 293.683
12000 309.008
12100 302.482
12200 302.056
12300 299.38
12400 305.93
12500 304.38
12600 319.904
12700 304.318
12800 303.275
12900 301.469
13000 307.735
13100 306.441
13200 313.384
13300 296.702
13400 306.013
13500 301.682
13600 304.722
13700 299.661
13800 309.323
13900 301.181
14000 306.719
14100 303.295
14200 308.023
14300 296.995
14400 298.278
14500 305.121
14600 306.206
14700 301.424
14800 308.109
14900 309.573
15000 310.861
15100 312.725
15200 296.239
15300 324.863
15400 313.092
15500 313.958
15600 295.317
15700 297.052
15800 302.82
15900 307.04
16000 300.967
16100 318.117
16200 298.915
16300 305.395
16400 310.31
16500 312.66
16600 308.412
16700 307.725
16800 296.416
16900 304.856
17000 309.343
17100 309.629
17200 303.056
17300 301.04
17400 317.137
17500 299.803
17600 308.439
17700 302.533
17800 306.885
17900 312.863
18000 303.408
18100 296.236
18200 310.939
18300 293.206
18400 307.483
18500 297.668
18600 305.084
18700 299.061
18800 318.903
18900 304.603
19000 302.847
19100 291.847
19200 305.967
19300 303.499
19400 304.929
19500 305.107
19600 301.494
19700 296.26
19800 294.233
19900 296.499
20000 298.591
20100 314.608
20200 308.163
20300 313.461
20400 303.818
20500 304.433
20600 303.032
20700 308.282
20800 316.9
20900 296.899
21000 311.451
21100 304.846
21200 303.601
21300 301.23
21400 295.727
21500 292.747
21600 304.872
21700 309.682
21800 307.564
21900 305.439
22000 302.77
22100 299.733
22200 304.974
22300 300.389
22400 303.318
22500 305.99
22600 307.989
22700 294.369
22800 305.555
22900 303.052
23000 302.13
23100 304.049
23200 314.515
23300 302.988
23400 301.827
23500 293.993
23600 298.947
23700 309.004
23800 299.274
23900 314.523
24000 295.426
24100 297.787
24200 301.364
24300 294.993
24400 298.243
24500 298.147
24600 301.164
24700 305.456
24800 304.375
24900 303.857
25000 303.893
25100 310.053
25200 300.411
25300 313.468
25400 312.2
25500 300.485
25600 303.725
25700 303.513
25800 315.104
25900 323.122
26000 310.615
26100 306.382
26200 304.104
26300 303.869
26400 296.755
26500 303.154
26600 300.109
26700 291.785
26800 308.488
26900 304.179
27000 311.664
27100 307.55
27200 302.768
27300 303.488
27400 310.56
27500 300.258
27600 310.225
27700 304.815
27800 301.58
27900 306.102
28000 292.772
28100 298.748
28200 309.14
28300 308.498
28400 305.387
28500 323.126
28600 313.502
28700 313.301
28800 316.221
28900 302.226
29000 300.492
29100 301.957
29200 307.298
29300 300.103
29400 302.677
29500 301.483
29600 292.545
29700 300.14
29800 302.748
29900 283.831
30000 302.877
30100 310.607
30200 314.23
30300 296.064
30400 311.928
30500 304.605
30600 317.358
30700 300.245
30800 305.65
30900 300.704
31000 298.437
31100 307.71
31200 301.866
31300 312.271
31400 306.227
31500 302.902
31600 295.8
31700 301.59
31800 302.89
31900 307.915
32000 294.417
32100 307.397
32200 297.415
32300 296.993
32400 300.54
32500 298.115
32600 293.172
32700 303.971
32800 296.396
32900 304.821
33000 301.535
33100 305
33200 296.616
33300 297.582
33400 303.478
33500 301.516
33600 295.919
33700 312.744
33800 296.307
33900 307.076
34000 298.274
34100 301.328
34200 297.61
34300 296.992
34400 300.012
34500 298.722
34600 300.468
34700 293.252
34800 299.432
34900 305.198
35000 293.426
35100 295.513
35200 311.902
35300 299.372
35400 294.931
35500 297.151
35600 306.032
35700 294.58
35800 306.727
35900 303.764
36000 297.938
36100 299.392
36200 299.465
36300 306.636
36400 304.221
36500 306.344
36600 294.514
36700 304.839
36800 297.006
36900 304.748
37000 299.433
37100 299.62
37200 304.946
37300 300.365
37400 309.151
37500 293.307
37600 304.742
37700 304.011
37800 296.983
37900 297.327
38000 295.386
38100 299.025
38200 305.014
38300 295.857
38400 298.21
38500 297.568
38600 293.645
38700 298.891
38800 302.564
38900 306.935
39000 302.503
39100 295.226
39200 321.123
39300 312.301
39400 300.511
39500 296.716
39600 306.577
39700 294.084
39800 300.52
39900 302.759
40000 304.699
40100 297.689
40200 295.051
40300 291.531
40400 296.006
40500 300.479
40600 295.799
40700 296.166
40800 292.918
40900 308.68
41000 301.98
41100 295.454
41200 292.941
41300 298.582
41400 296.867
41500 297.423
41600 295.514
41700 304.462
41800 299.687
41900 296.088
42000 298.387
42100 303.759
42200 302.877
42300 304.144
42400 304.93
42500 306.772
42600 301.959
42700 307.333
42800 294.012
42900 299.926
43000 304.752
43100 289.515
43200 300.832
43300 292.252
43400 295.446
43500 297.974
43600 301.907
43700 303.418
43800 294.72
43900 299.564
44000 293.053
44100 299.292
44200 305.458
44300 301.995
44400 305.733
44500 302.304
44600 292.227
44700 288.689
44800 307.564
44900 300.733
45000 296.861
45100 292.153
45200 305.01
45300 295.292
45400 303.661
45500 298.682
45600 308.062
45700 300.581
45800 296.315
45900 293.313
46000 310.617
46100 295.964
46200 302.486
46300 301.899
46400 297.926
46500 300.754
46600 301.893
46700 299.342
46800 310.753
46900 295.906
47000 312.791
47100 301.577
47200 309.724
47300 306.285
47400 299.127
47500 313.921
47600 304.118
47700 310.795
47800 301.054
47900 293.997
48000 304.378
48100 294.655
48200 298.567
48300 297.648
48400 308.288
48500 296.848
48600 293.743
48700 298.05
48800 300.177
48900 294.807
49000 299.459
49100 297.899
49200 297.066
49300 308.107
49400 305.4
49500 294.885
49600 284.694
49700 304.51
49800 304.085
49900 306.073
50000 297.452
50100 297.354
50200 296.973
50300 295.682
50400 290.756
50500 295.627
50600 289.455
50700 295.531
50800 297.968
50900 295.635
51000 291.489
51100 312.901
51200 288.589
51300 286.863
51400 287.534
51500 297.403
51600 301.78
51700 293.923
51800 310.791
51900 289.915
52000 283.601
52100 288.669
52200 289.184
52300 296.848
52400 299.683
52500 293.866
52600 283.845
52700 287.423
52800 288.691
52900 287.525
53000 307.242
53100 303.82
53200 307.535
53300 295.936
53400 289.328
53500 282.457
53600 295.329
53700 282.735
53800 290.239
53900 292.266
54000 292.664
54100 294.545
54200 301.431
54300 296.492
54400 296.276
54500 285.75
54600 295.66
54700 288.598
54800 286.571
54900 296.051
55000 296.91
55100 288.593
55200 296.468
55300 301.595
55400 285.398
55500 296.392
55600 302.13
55700 313.811
55800 298.014
55900 289.395
56000 302.002
56100 297.067
56200 298.198
56300 284.471
56400 300.071
56500 301.923
56600 306.055
56700 295.772
56800 296.924
56900 301.628
57000 291.794
57100 287.199
57200 303.985
57300 305.624
57400 302.08
57500 301.868
57600 298.211
57700 307.795
57800 304.679
57900 310.15
58000 315.728
58100 290.154
58200 311.15
58300 298.931
58400 308.3
58500 295.421
58600 306.615
58700 310.857
58800 304.759
58900 307.305
59000 305.514
59100 308.08
59200 300.757
59300 301.75
59400 301.111
59500 305.849
59600 291.174
59700 309.173
59800 296.593
59900 294.128
60000 295.016
60100 302.36
60200 302.189
60300 299.95
60400 302.566
60500 302.384
60600 300.125
60700 301.517
60800 306.9
60900 302.44
61000 291.648
61100 300.363
61200 294.936
61300 307.246
61400 302.348
61500 294.387
61600 293.713
61700 298.225
61800 301.471
61900 301.982
62000 298.297
62100 305.884
62200 297.883
62300 305.652
62400 297.811
62500 297.834
62600 299.414
62700 290.972
62800 293.143
62900 294.151
63000 300.169
63100 310.355
63200 283.969
63300 293.599
63400 289.768
63500 300.797
63600 293.473
63700 293.52
63800 292.483
63900 292.109
64000 293.225
64100 304.44
64200 301.213
64300 298.416
64400 312.961
64500 305.75
64600 303.108
64700 300.006
64800 310.877
64900 295.453
65000 296.974
65100 301.104
65200 295.461
65300 311.36
65400 304.105
65500 297.785
65600 295.552
65700 305.114
65800 297.828
65900 302.998
66000 302.298
66100 303.162
66200 305.172
66300 314.08
66400 301.381
66500 292.864
66600 293.075
66700 295.258
66800 309.577
66900 292.323
67000 294.4
67100 298.639
67200 302.585
67300 291.228
67400 303.399
67500 299.478
67600 302.211
67700 292.219
67800 305.988
67900 302.167
68000 305.3
68100 308.195
68200 294.137
68300 295.774
68400 297.339
68500 289.064
68600 300.369
68700 300.373
68800 312.668
68900 308.425
69000 298.754
69100 307.108
69200 303.126
69300 301.756
69400 294.208
69500 295.197
69600 317.281
69700 305.919
69800 287.288
69900 307.95
70000 297.263
70100 301.121
70200 308.175
70300 293.775
70400 295.916
70500 298.828
70600 292.035
70700 294.221
70800 286.204
70900 295.4
71000 291.225
71100 293.611
71200 295.624
71300 296.8
71400 292.48
71500 290.932
71600 297.936
71700 302.794
71800 289.184
71900 289.94
72000 294.585
72100 290.855
72200 316.226
72300 304.459
72400 293.91
72500 301.721
72600 304.839
72700 296.769
72800 291.596
72900 303.144
73000 290.48
73100 299.554
73200 287.109
73300 301.566
73400 292.438
73500 302.51
73600 294.931
73700 290.593
73800 304.723
73900 293.443
74000 286.474
74100 292.051
74200 304.402
74300 302.997
74400 304.187
74500 306.082
74600 301.412
74700 306.272
74800 307.301
74900 304.517
75000 289.048
75100 299.596
75200 292.237
75300 297.423
75400 291.629
75500 283.126
75600 292.386
75700 289.418
75800 298.819
75900 307.47
76000 305.804
76100 287.539
76200 290.506
76300 296.356
76400 298.412
76500 288.686
76600 294.893
76700 305.296
76800 302.622
76900 302.216
77000 299.313
77100 295.221
77200 295.99
77300 298.871
77400 300.223
77500 300.594
77600 301.911
77700 295.591
77800 294.089
77900 298.95
78000 296.633
78100 304.653
78200 304.787
78300 302.02
78400 305.513
78500 298.412
78600 295.991
78700 293.73
78800 304.877
78900 293.611
79000 299.646
79100 300.326
79200 299.227
79300 304.03
79400 304.769
79500 297.826
79600 292.695
79700 305.134
79800 295.291
79900 306.79
80000 304.329
80100 295.184
80200 297.265
80300 299.542
80400 296.175
80500 288.355
80600 300.661
80700 283.25
80800 297.323
80900 308.924
81000 318.348
81100 304.399
81200 293.534
81300 298.921
81400 295.751
81500 303.21
81600 298.825
81700 297.778
81800 307.345
81900 312.982
82000 292.749
82100 291.366
82200 295.263
82300 306.044
82400 305.996
82500 306.372
82600 293.95
82700 311.638
82800 303.769
82900 304.672
83000 309.841
83100 299.024
83200 299.668
83300 301.889
83400 300.202
83500 295.843
83600 305.634
83700 304.519
83800 300.124
83900 299.816
84000 295.134
84100 302.061
84200 295.161
84300 295.654
84400 300.082
84500 293.362
84600 301.944
84700 303.698
84800 287.272
84900 296.573
85000 300.505
85100 290.956
85200 299.811
85300 297.339
85400 299.769
85500 291.5
85600 299.01
85700 292.171
85800 296.982
85900 288.097
86000 295.217
86100 286.558
86200 300.315
86300 290.255
86400 296.604
86500 286.713
86600 296.495
86700 301.48
86800 290.834
86900 288.779
87000 297.665
87100 308.327
87200 292.631
87300 281.181
87400 301.872
87500 298.649
87600 294.197
87700 305.164
87800 292.419
87900 294.991
88000 307.699
88100 301.718
88200 293.357
88300 298.3
88400 291.269
88500 301.303
88600 302.622
88700 284.533
88800 289.449
88900 288.98
89000 302.662
89100 294.027
89200 291.666
89300 293.63
89400 297.911
89500 298.714
89600 300.76
89700 286.697
89800 286.136
89900 292.931
90000 313.453
90100 294.155
90200 298.598
90300 290.763
90400 286.603
90500 293.314
90600 299.298
90700 291.159
90800 290.894
90900 304.236
91000 290.165
91100 301.07
91200 294.254
91300 289.793
91400 291.606
91500 307.721
91600 293.67
91700 297.204
91800 297.579
91900 302.793
92000 295.898
92100 299.784
92200 302.725
92300 307.142
92400 300.798
92500 298.535
92600 306.226
92700 304.298
92800 300.705
92900 308.141
93000 296.113
93100 298.107
93200 308.641
93300 296.638
93400 301.846
93500 314.977
93600 307.667
93700 313.009
93800 307.217
93900 308.435
94000 309.612
94100 302.958
94200 289.743
94300 311.882
94400 287.917
94500 312.621
94600 294.112
94700 301.942
94800 299.856
94900 297.264
95000 295.875
95100 306.077
95200 287.546
95300 300.302
95400 290.733
95500 300.689
95600 294.734
95700 293.031
95800 300.768
95900 288.8
96000 300.664
96100 300.486
96200 303.626
96300 310.492
96400 298.328
96500 289.787
96600 306.494
96700 304.864
96800 305.908
96900 293.554
97000 297.114
97100 299.549
97200 288.548
97300 300.071
97400 292.334
97500 295.041
97600 288.713
97700 298.305
97800 292.363
97900 307.598
98000 310.214
98100 288.853
98200 297.052
98300 304.32
98400 294.091
98500 304.561
98600 292.093
98700 290.059
98800 287.751
98900 298.661
99000 299.915
99100 299.886
99200 303.123
99300 303.53
99400 296.972
99500 307.927
99600 300.943
99700 304.109
99800 300.005
99900 296.949
100000 306.919
100100 301.413
100200 298.052
100300 308.742
100400 295.525
100500 300.068
100600 304.374
100700 301.625
100800 300.317
100900 296.116
101000 301.357
101100 291.49
101200 293.446
101300 301.422
101400 297.683
101500 299.919
101600 294.21
101700 290.271
101800 286.231
101900 297.096
102000 294.924
102100 280.877
102200 287.206
102300 301.081
102400 301.473
102500 302.587
102600 289.817
102700 288.89
102800 301.693
102900 303.748
103000 296.574
103100 302.813
103200 298.576
103300 294.927
103400 294.756
103500 303.09
103600 314.015
103700 300.885
103800 300.279
103900 303.58
104000 285.616
104100 289.748
104200 302.472
104300 300.199
104400 285.499
104500 298.771
104600 292.173
104700 295.312
104800 300.096
104900 289.013
105000 300.743
105100 293.776
105200 301.366
105300 301.641
105400 292.256
105500 306.286
105600 299.378
105700 297.357
105800 296.21
105900 313.953
106000 307.347
106100 301.768
106200 305.316
106300 304.361
106400 291.327
106500 304.537
106600 310.456
106700 298.193
106800 304.344
106900 303.674
107000 294.335
107100 295.421
107200 291.387
107300 293.751
107400 298.386
107500 303.321
107600 302.546
107700 308.322
107800 297.878
107900 295.897
108000 310.297
108100 301.461
108200 304.455
108300 296.175
108400 306.235
108500 312.847
108600 300.258
108700 305.329
108800 306.105
108900 308.073
109000 315.339
109100 310.048
109200 303.902
109300 301.27
109400 303.288
109500 303.968
109600 294.85
109700 298.246
109800 308.204
109900 301.509
110000 301.131
110100 296.575
110200 290.855
110300 299.917
110400 304.122
110500 285.704
110600 290.694
110700 294.203
110800 299.624
110900 288.603
111000 290.192
111100 286.718
111200 292.075
111300 297.575
111400 301.747
111500 285.77
111600 299.563
111700 298.722
111800 301.115
111900 298.906
112000 300.152
112100 302.169
112200 295.795
112300 283.164
112400 294.112
112500 300.656
112600 294.208
112700 299.78
112800 300.221
112900 302.345
113000 296.085
113100 295.505
113200 296.17
113300 296.356
113400 290.742
113500 286.059
113600 301.013
113700 302.302
113800 295.915
113900 297.998
114000 294.481
114100 302.16
114200 298.157
114300 299.694
114400 303.123
114500 292.382
114600 303.564
114700 306.76
114800 305.192
114900 293.378
115000 308.176
115100 288.762
115200 295.116
115300 295.29
115400 304.409
115500 302.175
115600 309.425
115700 302.859
115800 306.733
115900 304.372
116000 303.502
116100 310.218
116200 303.9
116300 302.081
116400 311.061
116500 305.131
116600 303.432
116700 312.706
116800 295.107
116900 297.758
117000 299.306
117100 301.371
117200 298.882
117300 305.749
117400 299.051
117500 303.594
117600 291.721
117700 297.828
117800 301.591
117900 308.548
118000 293.457
118100 307.773
118200 299.959
118300 297.051
118400 301.818
118500 298.377
118600 304.863
118700 301.699
118800 310.612
118900 296.22
119000 296.229
119100 303.689
119200 292.561
119300 302.019
119400 300.328
119500 302.559
119600 307.195
119700 315.201
119800 297.161
119900 298.606
120000 289.824
120100 308.082
120200 303.135
120300 317.91
120400 306.241
120500 293.026
120600 306.298
120700 295.852
120800 304.509
120900 291.085
121000 289.226
121100 295.101
121200 300.593
121300 300.573
121400 306.046
121500 304.91
121600 305.556
121700 293.655
121800 296.644
121900 304.181
122000 299.891
122100 308.547
122200 311.845
122300 301.649
122400 305.626
122500 295.534
122600 301.117
122700 295.325
122800 300.476
122900 302.96
123000 303.138
123100 302.957
123200 303.537
123300 307.479
123400 310.916
123500 308.97
123600 309.473
123700 302.696
123800 310.771
123900 297.634
124000 299.185
124100 295.643
124200 300.376
124300 308.202
124400 307.122
124500 294.29
124600 305.681
124700 305.679
124800 322.958
124900 307.11
125000 306.918
125100 300.947
125200 300.551
125300 309.949
125400 313.756
125500 303.031
125600 310.146
125700 314.224
125800 300.742
125900 308.583
126000 303.163
126100 293.811
126200 294.602
126300 295.515
126400 310.264
126500 307.603
126600 298.667
126700 297.887
126800 297.034
126900 307.376
127000 301.234
127100 297.511
127200 304.06
127300 293.713
127400 297.104
127500 307.799
127600 306.826
127700 301.615
127800 304.327
127900 299.265
128000 309.119
128100 305.415
128200 291.677
128300 304.143
128400 300.824
128500 296.652
128600 304.38
128700 290.547
128800 292.225
128900 298.129
129000 298.998
129100 304.501
129200 298.686
129300 301.756
129400 298.628
129500 303.3
129600 288.232
129700 302.99
129800 310.4
129900 287.994
130000 302.852
130100 297.924
130200 302.419
130300 296.466
130400 305.492
130500 316.366
130600 305.251
130700 303.118
130800 308.992
130900 294.425
131000 312.736
131100 311.97
131200 310.271
131300 302.859
131400 298.392
131500 302.445
131600 296.914
131700 301.33
131800 298.964
131900 302.942
132000 299.115
132100 304.863
132200 293.682
132300 306.032
132400 301.056
132500 293.926
132600 295.852
132700 301.585
132800 295.655
132900 299.519
133000 303.606
133100 296.61
133200 304.138
133300 299.559
133400 301.902
133500 297.321
133600 291.145
133700 292.841
133800 296.475
133900 295.199
134000 295.618
134100 294.707
134200 282.877
134300 291.743
134400 304.551
134500 286.024
134600 276.069
134700 294.36
134800 297.457
134900 294.446
135000 299.998
135100 298.057
135200 288.925
135300 293.564
135400 291.864
135500 298.807
135600 291.955
135700 294.867
135800 307.009
135900 290.338
136000 297.753
136100 299.619
136200 291.05
136300 297.079
136400 293.996
136500 286.125
136600 296.462
136700 299.615
136800 290.884
136900 286.445
137000 288.255
137100 286.199
137200 284.048
137300 296.728
137400 299.148
137500 290.52
137600 312.74
137700 312.965
137800 299.872
137900 295.028
138000 301.249
138100 310.154
138200 297.406
138300 307.086
138400 302.717
138500 299.667
138600 301.979
138700 289.598
138800 282.388
138900 292.907
139000 289.909
139100 299.319
139200 302.526
139300 305.112
139400 310.227
139500 303.215
139600 300.295
139700 295.381
139800 303.699
139900 306.751
140000 316.592
140100 299.269
140200 298.936
140300 303.749
140400 303.539
140500 312.066
140600 301.786
140700 306.998
140800 311.549
140900 301.148
141000 302.494
141100 307.463
141200 312.305
141300 302.226
141400 285.666
141500 296.997
141600 304.562
141700 290.501
141800 305.676
141900 313.386
142000 319.477
142100 309.077
142200 303.331
142300 302.001
142400 302.695
142500 297.299
142600 308.151
142700 310.322
142800 310.88
142900 318.21
143000 303.817
143100 313.528
143200 304.698
143300 298.709
143400 306.19
143500 302.415
143600 309.937
143700 295.131
143800 307.88
143900 295.746
144000 295.906
144100 286.752
144200 298.359
144300 300.424
144400 295.697
144500 298.484
144600 299.992
144700 294.405
144800 296.116
144900 293.111
145000 308.067
145100 304.856
145200 306.544
145300 293.811
145400 305.199
145500 295.738
145600 293.683
145700 293.007
145800 302.007
145900 293.572
146000 310.46
146100 299.188
146200 299.67
146300 291.71
146400 290.984
146500 293.433
146600 303.993
146700 296.922
146800 301.227
146900 293.454
147000 287.546
147100 305.408
147200 297.531
147300 306.5
147400 303.067
147500 295.415
147600 295.694
147700 303.034
147800 304.243
147900 295.788
148000 288.345
148100 299.131
148200 290.825
148300 294.97
148400 300.533
148500 287.486
148600 295.916
148700 295.937
148800 289.376
148900 295.105
149000 306.912
149100 296.624
149200 293.522
149300 299.705
149400 285.972
149500 287.423
149600 290.012
149700 300.5
149800 300
149900 282.864
150000 289.62
150100 283.284
150200 286.46
150300 293.88
150400 296.532
150500 295.901
150600 290.627
150700 282.298
150800 310.649
150900 288.227
151000 307.914
151100 300.137
151200 302.289
151300 294.564
151400 293.434
151500 293.987
151600 306.9
151700 304.7
151800 301.172
151900 293.165
152000 304.911
152100 294.771
152200 293.056
152300 290.578
152400 297.048
152500 297.626
152600 309.395
152700 284.975
152800 291.827
152900 298.723
153000 304.726
153100 288.987
153200 301.591
153300 297.355
153400 292.782
153500 306.642
153600 308.847
153700 298.276
153800 300.593
153900 291.559
154000 298.746
154100 298.603
154200 293.487
154300 304.104
154400 301.247
154500 291.931
154600 313.263
154700 293.348
154800 294.661
154900 284.945
155000 292.583
155100 291.557
155200 304.788
155300 289.239
155400 302.78
155500 304.708
155600 304.565
155700 288.907
155800 305.628
155900 289.89
156000 305.194
156100 306.197
156200 303.937
156300 293.952
156400 284.398
156500 302.946
156600 291.107
156700 296.665
156800 301.803
156900 299.538
157000 303.529
157100 295.666
157200 293.753
157300 294.463
157400 296.083
157500 297.636
157600 292.957
157700 306.301
157800 298.749
157900 299.394
158000 304.415
158100 308.025
158200 292.797
158300 296.882
158400 289.594
158500 301.067
158600 291.475
158700 292.115
158800 304.288
158900 298.329
159000 300.718
159100 293.439
159200 297.083
159300 296.563
159400 292.982
159500 288.798
159600 298.349
159700 289.819
159800 293.792
159900 299.16
160000 286.798
160100 293.425
160200 298.551
160300 300.694
160400 304.806
160500 293.744
160600 296.51
160700 308.642
160800 299.882
160900 291.361
161000 296.967
161100 297.628
161200 293.323
161300 299.775
161400 287.349
161500 309.21
161600 297.951
161700 294.187
161800 294.489
161900 288.312
162000 298.046
162100 304.808
162200 291.145
162300 297.877
162400 279.914
162500 313.199
162600 296.352
162700 300.81
162800 294.171
162900 304.394
163000 306.87
163100 313.476
163200 297.578
163300 291.308
163400 285.674
163500 291.74
163600 283.857
163700 292.453
163800 289.733
163900 293.378
164000 298.713
164100 293.983
164200 300.991
164300 291.01
164400 304.214
164500 295.756
164600 294.997
164700 304.625
164800 297.834
164900 294.484
165000 296.867
165100 292.408
165200 298.98
165300 290.036
165400 295.798
165500 306.99
165600 306.383
165700 296.739
165800 302.224
165900 307.144
166000 286.275
166100 294.547
166200 289.955
166300 299.763
166400 301.618
166500 305.297
166600 295.403
166700 306.931
166800 291.197
166900 305.251
167000 292.917
167100 304.085
167200 312.694
167300 292.546
167400 301.939
167500 302.674
167600 297.956
167700 300.187
167800 299.659
167900 296.325
168000 300.5
168100 305.472
168200 317.268
168300 306.265
168400 304.945
168500 301.525
168600 303.589
168700 283.455
168800 306.387
168900 306.041
169000 307.353
169100 301.467
169200 296.223
169300 306.788
169400 303.963
169500 306.909
169600 302.469
169700 299.438
169800 309.559
169900 299.748
170000 291.679
170100 301.629
170200 300.519
170300 299.789
170400 307.392
170500 302.208
170600 294.195
170700 306.411
170800 311.889
170900 311.135
171000 312.358
171100 303.378
171200 302.095
171300 304.171
171400 304.283
171500 304.113
171600 301.328
171700 302.891
171800 308.531
171900 287.946
172000 303.816
172100 301.47
172200 303.399
172300 298.448
172400 305.503
172500 296.754
172600 306.734
172700 289.675
172800 301.382
172900 295.005
173000 303.152
173100 296.399
173200 307.271
173300 307.665
173400 294.857
173500 305.063
173600 308.425
173700 304.344
173800 300.314
173900 300.533
174000 309.947
174100 304.678
174200 309.795
174300 302.6
174400 302.635
174500 308.002
174600 293.578
174700 288.621
174800 308.884
174900 302.958
175000 295.667
175100 297.961
175200 298.954
175300 295.479
175400 287.8
175500 292.432
175600 300.187
175700 296.677
175800 289.195
175900 304.304
176000 300.351
176100 296.144
176200 302.78
176300 300.607
176400 305.6
176500 293.495
176600 296.223
176700 298.965
176800 304.513
176900 303.915
177000 288.019
177100 297.139
177200 303.608
177300 290.047
177400 304.713
177500 294.445
177600 282.137
177700 308.966
177800 290.454
177900 303.139
178000 298.878
178100 292.843
178200 300.933
178300 297.428
178400 307.42
178500 297.122
178600 279.223
178700 291.162
178800 299.674
178900 295.699
179000 295.292
179100 300.944
179200 306.6
179300 301.935
179400 311.802
179500 294.938
179600 303.53
179700 303.646
179800 304.579
179900 300.578
180000 306.423
180100 291.76
180200 301.296
180300 290.228
180400 298.294
180500 299.266
180600 306.592
180700 302.649
180800 302.44
180900 290.936
181000 293.937
181100 296.574
181200 286.709
181300 298.832
181400 302.473
181500 298.199
181600 307.796
181700 287.366
181800 295.754
181900 301.838
182000 286.05
182100 290.84
182200 290.236
182300 303.172
182400 300.523
182500 295.381
182600 293.626
182700 296.061
182800 303.886
182900 299.941
183000 302.056
183100 293.927
183200 292.961
183300 296.958
183400 300.01
183500 296.841
183600 282.686
183700 303.415
183800 289.198
183900 299.836
184000 296.911
184100 288.73
184200 287.103
184300 289.385
184400 289.209
184500 288.808
184600 303.435
184700 296.219
184800 296.109
184900 301.131
185000 294.718
185100 297.854
185200 295.851
185300 302.424
185400 302.965
185500 288.834
185600 293.274
185700 299.932
185800 300.614
185900 298.863
186000 294.299
186100 298.519
186200 298.945
186300 301.472
186400 307.767
186500 296.792
186600 295.706
186700 295.114
186800 295.396
186900 292
187000 302.875
187100 289.734
187200 297.395
187300 295.65
187400 292.755
187500 286.956
187600 300.246
187700 288.398
187800 290.581
187900 295.714
188000 288.668
188100 304.635
188200 300.024
188300 301.597
188400 286.889
188500 307.165
188600 289.776
188700 290.653
188800 290.996
188900 297.439
189000 286.269
189100 293.689
189200 297.998
189300 292.001
189400 298.643
189500 299.594
189600 302.92
189700 299.889
189800 305.208
189900 293.692
190000 305.802
190100 300.947
190200 297.488
190300 298.471
190400 299.145
190500 297.464
190600 300.124
190700 296.048
190800 302.66
190900 293.851
191000 294.327
191100 296.097
191200 294.435
191300 297.19
191400 296.072
191500 297.534
191600 297.273
191700 293.717
191800 300.011
191900 292.794
192000 310.099
192100 292.61
192200 299.809
192300 301.115
192400 294.689
192500 310.692
192600 289.318
192700 302.848
192800 301.488
192900 296.249
193000 292.95
193100 315.671
193200 290.385
193300 306.97
193400 288.447
193500 296.313
193600 298.448
193700 287.343
193800 300.545
193900 296.928
194000 282.733
194100 294.025
194200 300.093
194300 294.783
194400 287.387
194500 294.475
194600 304.665
194700 302.515
194800 294.035
194900 293.647
195000 280.673
195100 288.303
195200 298.437
195300 301.204
195400 294.392
195500 294.408
195600 291.824
195700 297.646
195800 294.575
195900 284.34
196000 305.497
196100 304.632
196200 296.288
196300 288.075
196400 294.291
196500 284.947
196600 291.503
196700 290.27
196800 296.783
196900 292.218
197000 298.099
197100 301.466
197200 295.144
197300 295.351
197400 292.829
197500 298.463
197600 304.026
197700 285.372
197800 304.28
197900 296.026
198000 306.915
198100 288.679
198200 287.303
198300 292.998
198400 304.975
198500 297.998
198600 303.598
198700 303.897
198800 291.924
198900 301.718
199000 288.223
199100 297.13
199200 298.558
199300 293.482
199400 296.518
199500 285.291
199600 297.176
199700 299.882
199800 297.826
199900 304.256
200000 290.875
